433
435
437
439
441
443
451
453
455
463
465
467
471
473
477
479
489
491
501
503
1009
1011
1013
1015
1017
1019
1027
1029
1031
1039
1041
1043
1047
1053
1065
1077
1585
1587
1589
1591
1593
1595
1603
1605
1607
1615
1617
1619
1623
1629
1641
1653
2161
2163
2165
2167
2169
2171
2179
2181
2183
2191
2193
2195
2199
2205
2217
2229
2737
2739
2741
2743
2745
2747
2755
2757
2759
2767
2769
2771
2775
2781
2793
2805
3313
3315
3317
3319
3321
3323
3331
3333
3335
3343
3345
3347
3351
3357
3369
3381
3964
3966
3970
3972
3982
3984
3994
3996
4000
4002
4006
4008
4018
4020
4030
4032
4540
4542
4546
4548
4558
4560
4570
4572
4576
4578
4582
4584
4594
4596
4606
4608
5116
5118
5122
5124
5134
5136
5146
5148
5152
5154
5158
5160
5170
5172
5182
5184
5692
5694
5698
5700
5710
5712
5722
5724
5728
5730
5734
5736
5746
5748
5758
5760
6268
6270
6274
6276
6286
6288
6298
6300
6304
6306
6310
6312
6322
6324
6334
6336
6844
6846
6850
6852
6862
6864
6874
6876
6880
6882
6886
6888
6898
6900
6910
6912
7347
7349
7353
7355
7365
7367
7377
7379
7383
7385
7389
7391
7401
7403
7413
7415
7923
7925
7929
7931
7941
7943
7953
7955
7959
7961
7965
7967
7977
7979
7989
7991
8499
8501
8505
8507
8517
8519
8529
8531
8535
8537
8541
8543
8553
8555
8565
8567
9075
9077
9081
9083
9093
9095
9105
9107
9111
9113
9117
9119
9129
9131
9141
9143
9724
9726
9730
9732
9742
9744
9754
9756
9760
9762
9766
9768
9778
9780
9790
9792
10300
10302
10306
10308
10318
10320
10330
10332
10336
10338
10342
10344
10354
10356
10366
10368
10876
10878
10882
10884
10894
10896
10906
10908
10912
10914
10918
10920
10930
10932
10942
10944
11452
11454
11458
11460
11470
11472
11482
11484
11488
11494
11506
11518
34562
34564
34566
34568
34570
34572
34588
34590
34594
34596
35282
35284
35286
35288
35290
35292
35308
35314
35666
35668
35670
35672
35674
35676
35692
35698
36050
36052
36054
36056
36058
36060
36076
36082
36434
36436
36438
36440
36442
36444
36460
36466
36818
36820
36822
36824
36826
36828
36844
36850
37155
37157
37161
37163
37179
37181
37185
37187
37539
37541
37545
37547
37563
37565
37569
37571
37923
37925
37929
37931
37947
37949
37953
37955
38307
38309
38313
38315
38331
38333
38337
38339
38691
38693
38697
38699
38715
38717
38721
38723
39075
39077
39081
39083
39099
39101
39105
39107
39459
39461
39465
39467
39483
39485
39489
39491
39843
39845
39849
39851
39867
39869
39873
39875
40227
40229
40233
40235
40251
40253
40257
40259
40611
40613
40617
40619
40635
40637
40641
40643
41044
41046
41050
41052
41068
41070
41074
41076
41428
41430
41434
41436
41452
41454
41458
41460
41812
41814
41818
41820
41836
41838
41842
41844
42196
42198
42202
42204
42220
42226
42241
42243
42245
42247
42249
42251
42259
42261
42263
42271
42273
42275
42283
42285
42287
42303
42305
42309
42311
42321
42323
42333
42335
42345
42347
42969
42971
42981
42983
42993
42995
43005
43007
43017
43019
43029
43031
43041
43043
43053
43055
43065
43067
43077
43079
44161
44163
44165
44167
44169
44171
44179
44181
44183
44191
44193
44195
44203
44205
44207
44223
44225
44229
44231
44241
44243
44253
44255
44265
44267
45001
45003
45005
45007
45009
45011
45019
45021
45023
45031
45033
45035
45043
45045
45047
45063
45069
45081
45093
45105
46082
46084
46086
46088
46090
46092
46100
46102
46104
46112
46114
46116
46124
46126
46128
46144
46146
46150
46152
46162
46164
46174
46176
46186
46188
46804
46806
46810
46812
46822
46824
46834
46836
46846
46848
46864
46866
46870
46872
46882
46884
46894
46896
46906
46908
47768
47770
47772
47780
47782
47784
47792
47794
47796
47804
47806
47808
47816
47818
47820
47830
47832
47842
47844
47854
47856
47866
47868
47878
47880
48244
48246
48250
48252
48262
48264
48274
48276
48286
48288
48304
48306
48310
48312
48322
48324
48334
48336
48346
48348
48967
48969
48971
48979
48981
48983
48991
48993
48995
49003
49005
49007
49015
49017
49019
49029
49031
49041
49043
49053
49055
49065
49067
49077
49079
49090
49092
49102
49104
49114
49116
49126
49128
49138
49140
49150
49152
49162
49164
49174
49176
49186
49188
49198
49200
49210
49212
49222
49224
49234
49236
49246
49248
49258
49260
49270
49272
49282
49284
49294
49296
49306
49308
49318
49320
49329
49331
49341
49343
49353
49355
49365
49367
49377
49379
49389
49391
49401
49403
49413
49415
49425
49427
49437
49439
53045
53047
53049
53051
53059
53063
53071
53075
53083
53087
53105
53107
53119
53131
53143
54243
54247
54251
54255
54259
54263
54267
54271
54275
54279
54283
54287
54291
54295
54299
54307
54319
54331
54343
54355
54728
54732
54740
54744
54752
54756
54764
54768
54776
54780
54788
54800
54812
54824
54836
55926
55928
55930
55932
55940
55944
55952
55956
55964
55968
55986
55988
56000
56012
56024
57124
57128
57132
57136
57140
57144
57148
57152
57156
57160
57164
57168
57172
57176
57180
57188
57200
57212
57224
57236
57243
57247
57251
57255
57259
57263
57267
57271
57275
57279
57283
57287
57291
57295
57299
57307
57319
57331
57343
57355
57365
57367
57369
57371
57379
57383
57391
57395
57403
57407
57425
57427
57439
57451
57463
57486
57488
57490
57492
57500
57504
57512
57516
57524
57528
57546
57548
57560
57572
57584
61447
61449
61451
61461
61463
61474
61476
61486
61488
61498
61500
61510
61512
61521
61523
61533
61535
61538
61540
61542
61552
61554
61561
61563
61565
61575
61577
61588
61590
61600
61602
61611
61613
61623
61625
61633
61635
61637
61647
61649
61658
61660
61662
61672
61674
61689
61691
61701
61703
61714
61716
61726
61728
63459
63463
63467
63475
63488
63492
63500
63508
63512
63516
63524
63531
63535
63539
63547
63557
63561
63569
63582
63586
63594
63606
63610
63618
63629
63633
63641
65281
65283
65285
65287
65289
65291
65293
65295
65297
65305
65307
65309
65311
65313
65315
65319
65321
65325
65327
65331
65333
65343
65345
65349
65351
65360
65362
65364
65366
65368
65370
65378
65380
65382
65384
65386
65388
65398
65400
65404
65406
65416
65418
65422
65424
65425
65427
65429
65431
65433
65435
65437
65439
65441
65449
65451
65453
65455
65457
65459
65463
65469
65475
65487
65493
65504
65506
65508
65510
65512
65514
65522
65524
65526
65528
65530
65532
65542
65548
65560
65566
65571
65573
65577
65579
65583
65585
65595
65597
65601
65603
65607
65613
65619
65631
65637
65650
65652
65656
65658
65668
65670
65674
65676
65686
65692
65704
65710
65713
65715
65717
65719
65721
65723
65725
65727
65729
65737
65739
65741
65751
65753
65757
65759
65763
65765
65775
65777
65786
65788
65790
65792
65794
65796
65798
65800
65802
65810
65812
65814
65824
65826
65830
65832
65836
65838
65848
65850
65863
65865
65867
65869
65871
65873
65881
65883
65885
65887
65889
65891
65900
65902
65904
65906
65908
65910
65918
65920
65922
65924
65926
65928
65937
65943
65955
65961
65974
65980
65992
65998
66003
66005
66007
66009
66011
66013
66015
66017
66021
66027
66033
66043
66045
66047
66063
66076
66078
66080
66082
66084
66086
66088
66090
66094
66100
66106
66116
66118
66120
66136
66145
66147
66149
66151
66153
66155
66165
66171
66182
66184
66186
66188
66190
66192
66202
66208
66217
66219
66221
66223
66225
66227
66237
66243
66254
66256
66258
66260
66262
66264
66274
66280
66298
66300
66304
66306
66316
66318
66322
66324
66333
66335
66339
66341
66351
66353
66357
66359
66370
66372
66376
66378
66388
66390
66394
66405
66407
66411
66413
66423
66425
66429
66440
66442
66446
66448
66458
66460
66475
66477
66481
66483
66493
66495
66512
66514
66518
66520
66530
66532
66547
66549
66553
66555
66565
66567
66584
66586
66590
66592
66602
66604
66619
66621
66625
66627
66637
66639
66656
66658
66662
66664
66674
66676
66693
66699
66711
66729
66731
66735
66737
66747
66753
66766
66768
66772
66774
66784
66790
66795
66797
66801
66803
66807
66809
66813
66819
66825
66838
66840
66844
66846
66856
66862
66874
66876
66880
66882
66892
66898
66909
66911
66927
66945
66947
66963
66982
66984
67000
67016
67018
67022
67024
67034
67036
67051
67053
67057
67059
67069
67071
67090
67096
67108
67125
67131
67143
80257
80259
80261
80263
80265
80267
80269
80271
80273
80307
80309
80313
80315
80319
80321
80378
80380
80382
80384
80386
80388
80390
80392
80394
80428
80434
80440
80449
80451
80453
80455
80457
80459
80461
80463
80465
80499
80501
80505
80507
80511
80513
80572
80574
80578
80580
80584
80586
80620
80622
80626
80628
80632
80634
80641
80643
80645
80647
80649
80651
80653
80655
80657
80691
80697
80703
80762
80764
80766
80768
80770
80772
80774
80776
80778
80812
80818
80824
80835
80837
80841
80843
80847
80849
80883
80885
80889
80891
80895
80897
80956
80958
80962
80964
80968
80970
81004
81006
81010
81012
81016
81018
81025
81027
81029
81031
81033
81035
81037
81039
81041
81075
81081
81087
81146
81148
81150
81152
81154
81156
81158
81160
81162
81196
81202
81208
81217
81219
81221
81223
81225
81227
81229
81231
81233
81267
81273
81279
81338
81340
81342
81344
81346
81348
81350
81352
81354
81388
81394
81400
81411
81413
81417
81419
81423
81425
81459
81461
81465
81467
81471
81473
81532
81534
81538
81540
81544
81546
81580
81582
81586
81588
81592
81594
81601
81603
81605
81607
81609
81611
81613
81615
81617
81651
81657
81663
81722
81724
81726
81728
81730
81732
81734
81736
81738
81772
81778
81784
81793
81795
81797
81799
81801
81803
81805
81807
81809
81843
81849
81855
81914
81916
81918
81920
81922
81924
81926
81928
81930
81964
81970
81976
81987
81989
81993
81995
81999
82001
82035
82041
82047
82108
82110
82114
82116
82120
82122
82156
82162
82168
82177
82179
82181
82183
82185
82187
82203
82205
82209
82211
82240
82242
82246
82248
82264
82266
82270
82272
82286
82288
82290
82292
82294
82296
82312
82314
82318
82320
82323
82325
82329
82331
82347
82349
82353
82355
82371
82373
82377
82379
82395
82397
82401
82403
82432
82434
82438
82440
82456
82458
82462
82464
82465
82467
82469
82471
82473
82475
82491
82493
82497
82499
82526
82528
82530
82532
82534
82536
82552
82554
82558
82560
82561
82563
82565
82567
82569
82571
82587
82589
82593
82595
82622
82624
82626
82628
82630
82632
82648
82650
82654
82656
82659
82661
82665
82667
82683
82685
82689
82691
82720
82722
82726
82728
82744
82746
82750
82752
82753
82755
82757
82759
82761
82763
82771
82773
82775
82783
82785
82787
82795
82797
82799
82875
82877
82881
82883
82893
82895
82905
82907
82917
82919
83056
83058
83062
83064
83074
83076
83086
83088
83098
83100
83176
83178
83182
83184
83194
83196
83206
83208
83218
83220
83300
83302
83304
83312
83314
83316
83324
83326
83328
83336
83338
83340
83348
83350
83352
83422
83424
83434
83436
83446
83448
83458
83460
83470
83472
83481
83483
83493
83495
83505
83507
83517
83519
83529
83531
83601
83603
83613
83615
83625
83627
83637
83639
83649
83651
83715
83717
83721
83723
83733
83735
83745
83747
83757
83759
83835
83837
83841
83843
83853
83855
83865
83867
83877
83879
84016
84018
84022
84024
84034
84036
84046
84048
84058
84060
84136
84138
84142
84144
84154
84156
84166
84168
84178
84180
84193
84195
84197
84199
84201
84203
84211
84213
84215
84223
84225
84227
84235
84237
84239
84315
84317
84321
84323
84333
84335
84345
84347
84357
84359
84494
84496
84498
84500
84502
84504
84512
84514
84516
84524
84526
84528
84536
84538
84540
84616
84618
84622
84624
84634
84636
84646
84648
84658
84660
84673
84675
84677
84679
84681
84683
84691
84693
84695
84703
84705
84707
84715
84717
84719
84795
84797
84801
84803
84813
84815
84825
84827
84837
84839
84974
84976
84978
84980
84982
84984
84992
84994
84996
85004
85006
85008
85016
85018
85020
85096
85098
85102
85104
85114
85116
85126
85128
85138
85140
85155
85157
85161
85163
85173
85175
85185
85187
85197
85199
85275
85277
85281
85283
85293
85295
85305
85307
85317
85319
85456
85458
85462
85464
85474
85476
85486
85488
85498
85500
85576
85578
85582
85584
85594
85596
85606
85608
85618
85620
85639
85641
85643
85689
85691
85760
85762
85764
85810
85831
85833
85835
85881
85883
85954
85956
86002
86004
86023
86025
86027
86073
86144
86146
86148
86194
86211
86213
86217
86219
86259
86261
86265
86267
86332
86334
86338
86340
86380
86382
86386
86388
86403
86405
86407
86409
86411
86451
86457
86524
86526
86528
86530
86532
86572
86578
86599
86601
86603
86649
86720
86722
86724
86770
86787
86789
86793
86795
86835
86841
86843
86908
86910
86914
86916
86956
86962
86964
86979
86981
86983
86985
86987
87027
87033
87100
87102
87104
87106
87108
87148
87154
87175
87177
87179
87225
87296
87298
87300
87346
87369
87371
87417
87490
87492
87538
87553
87555
87557
87559
87561
87563
87581
87583
87614
87616
87618
87620
87622
87624
87642
87644
87666
87668
87670
87672
87690
87692
87701
87703
87705
87707
87725
87727
87762
87764
87766
87768
87786
87788
87797
87799
87801
87803
87821
87823
87845
87847
87849
87851
87869
87871
87906
87908
87910
87912
87930
87932
87939
87943
87947
87951
87955
87959
87963
87967
87971
87975
87979
87983
88063
88075
88087
88099
88240
88244
88248
88252
88256
88260
88264
88268
88272
88276
88280
88284
88364
88376
88388
88400
88484
88488
88496
88500
88508
88512
88520
88524
88604
88616
88628
88640
88663
88667
88675
88679
88687
88691
88699
88703
88783
88795
88807
88819
88964
88968
88976
88980
88988
88992
89000
89004
89084
89096
89108
89120
89143
89147
89155
89159
89167
89171
89179
89183
89251
89263
89275
89287
89359
89363
89371
89375
89383
89387
89395
89399
89467
89479
89491
89503
89636
89640
89648
89652
89660
89664
89672
89676
89756
89768
89780
89792
89809
89811
89813
89815
89817
89819
89821
89823
89825
89851
89853
89855
89857
89859
89861
89900
89902
89904
89906
89908
89910
89912
89914
89916
89942
89944
89946
89953
89955
89957
89959
89961
89963
89965
89967
89969
89995
89997
89999
90044
90046
90048
90050
90052
90054
90056
90058
90060
90086
90088
90090
90099
90101
90105
90107
90111
90113
90141
90143
90147
90149
90190
90192
90196
90198
90202
90204
90232
90234
90243
90245
90249
90251
90255
90257
90285
90287
90334
90336
90340
90342
90346
90348
90376
90378
90385
90387
90391
90393
90397
90399
90427
90429
90433
90435
90482
90484
90488
90490
90518
90520
90524
90526
90531
90533
90537
90539
90543
90545
90573
90575
90622
90624
90628
90630
90634
90636
90664
90666
90673
90675
90679
90681
90685
90687
90715
90717
90721
90723
90770
90772
90776
90778
90806
90808
90812
90814
90819
90821
90825
90827
90831
90833
90861
90863
90910
90912
90916
90918
90922
90924
90952
90954
90963
90965
90969
90971
90975
90977
91005
91007
91011
91013
91054
91056
91060
91062
91066
91068
91096
91098
91102
91104
91107
91113
91119
91149
91155
91198
91204
91210
91240
91246
91255
91257
91259
91261
91263
91265
91291
91293
91295
91297
91299
91301
91329
91331
91335
91337
91365
91367
91371
91418
91420
91422
91424
91426
91428
91454
91456
91458
91460
91462
91464
91492
91494
91498
91500
91528
91530
91534
91564
91566
91570
91572
91600
91602
91636
91642
91672
91689
91691
91695
91697
91725
91727
91761
91767
91797
91850
91852
91856
91858
91886
91888
91903
91905
91909
91911
91939
91941
91994
91996
92000
92002
92030
92032
92047
92049
92053
92055
92083
92085
92121
92123
92127
92129
92157
92159
92163
92165
92212
92214
92218
92220
92248
92250
92254
92256
92265
92267
92271
92273
92301
92303
92307
92356
92358
92362
92364
92392
92394
92398
92407
92409
92413
92415
92443
92445
92498
92500
92504
92506
92534
92536
92551
92553
92557
92559
92587
92589
92642
92644
92648
92650
92678
92680
92714
92716
92720
92722
92750
92752
92767
92769
92773
92775
92803
92805
92858
92860
92864
92866
92894
92896
92913
92919
92949
92985
92987
92991
92993
93021
93027
93076
93078
93082
93084
93112
93118
93129
93131
93165
93220
93222
93256
93290
93292
93296
93298
93326
93328
93343
93345
93349
93351
93379
93381
93434
93436
93440
93442
93470
93472
93489
93495
93525
139547
139551
139554
139558
139561
139565
139568
139571
139574
139577
139580
139583
139757
139761
139764
139768
139771
139775
139778
139781
139783
139786
139788
139791
139961
139965
139968
139972
139975
139979
139982
139985
139987
139990
139992
139995
140165
140169
140172
140176
140179
140183
140186
140189
140191
140194
140196
140199
140369
140373
140376
140380
140383
140387
140390
140393
140395
140398
140400
140403
140573
140577
140580
140584
140587
140591
140594
140597
140599
140602
140604
140607
140802
140804
140806
140808
140810
140812
140814
140816
140818
140820
140822
140824
141006
141008
141010
141012
141014
141016
141018
141020
141022
141024
141026
141028
141210
141212
141214
141216
141218
141220
141222
141224
141226
141228
141230
141232
141414
141416
141418
141420
141422
141424
141426
141428
141430
141432
141434
141436
141618
141620
141622
141624
141626
141628
141630
141632
141634
141636
141638
141640
141822
141824
141826
141828
141830
141832
141834
141836
141838
141840
141842
141844
142001
142004
142007
142010
142013
142016
142019
142022
142025
142028
142031
142034
142205
142208
142211
142214
142217
142220
142223
142226
142229
142232
142235
142238
142409
142412
142415
142418
142421
142424
142427
142430
142433
142436
142439
142442
142613
142616
142619
142622
142625
142628
142631
142634
142637
142640
142643
142646
142842
142844
142846
142848
142850
142852
142854
142856
142858
142860
142862
142864
143046
143048
143050
143052
143054
143056
143058
143060
143062
143064
143066
143068
143250
143252
143254
143256
143258
143260
143262
143264
143266
143268
143270
143272
143433
143435
143437
143439
143441
143443
143445
143446
143448
143449
143451
143452
151615
151619
151622
151626
151629
151632
151635
151638
151886
151889
151891
151894
151896
151897
151899
151900
152022
152025
152027
152030
152032
152033
152035
152036
152158
152161
152163
152166
152168
152169
152171
152172
152294
152297
152299
152302
152304
152305
152307
152308
152430
152433
152435
152438
152440
152441
152443
152444
152549
152552
152555
152558
152561
152564
152567
152570
152685
152688
152691
152694
152697
152700
152703
152706
152821
152824
152827
152830
152833
152836
152839
152842
152957
152960
152963
152966
152969
152972
152975
152978
153093
153096
153099
153102
153105
153108
153111
153114
153229
153232
153235
153238
153241
153244
153247
153250
153365
153368
153371
153374
153377
153380
153383
153386
153501
153504
153507
153510
153513
153516
153519
153522
153637
153640
153643
153646
153649
153652
153655
153658
153773
153776
153779
153782
153785
153788
153791
153794
153926
153928
153930
153932
153934
153936
153938
153940
154062
154064
154066
154068
154070
154072
154074
154076
154198
154200
154202
154204
154206
154208
154210
154212
154320
154322
154324
154326
154328
154329
154331
154332
154333
154337
154340
154343
154393
154396
154399
154402
154495
154499
154502
154505
154565
154568
154570
154572
154647
154651
154654
154657
154701
154704
154707
154710
154781
154785
154788
154791
154827
154830
154833
154836
154883
154887
154890
154893
154894
154897
154900
154903
154906
154909
154912
154915
154920
154923
154926
154929
155179
155182
155185
155187
155245
155249
155252
155255
155279
155282
155285
155287
155345
155348
155351
155354
155413
155417
155420
155422
155423
155427
155430
155433
155437
155440
155443
155445
155446
155449
155452
155455
155798
155799
155802
155804
155805
155808
155810
155811
155814
155816
155818
155820
155822
155824
155826
155912
155913
155916
155918
155919
155922
155924
155925
155928
155930
155932
155934
156020
156021
156024
156026
156027
156030
156032
156033
156036
156038
156040
156042
156128
156129
156132
156134
156135
156138
156140
156141
156144
156146
156148
156150
156236
156237
156240
156242
156243
156246
156248
156249
156252
156254
156256
156258
156344
156345
156348
156350
156351
156354
156356
156357
156360
156362
156364
156366
156464
156465
156466
156467
156468
156469
156470
156471
156472
156473
156474
156475
156572
156573
156574
156575
156576
156577
156578
156579
156580
156581
156582
156583
156680
156681
156682
156683
156684
156685
156686
156687
156688
156689
156690
156691
156788
156789
156790
156791
156792
156793
156794
156795
156796
156797
156798
156799
156896
156897
156898
156899
156900
156901
156902
156903
156904
156905
156906
156907
157004
157005
157006
157007
157008
157009
157010
157011
157012
157013
157014
157015
157100
157102
157104
157106
157108
157110
157112
157114
157116
157118
157120
157122
157208
157210
157212
157214
157216
157218
157220
157222
157224
157226
157228
157230
157316
157318
157320
157322
157324
157326
157328
157330
157332
157334
157336
157338
157424
157426
157428
157430
157432
157434
157436
157438
157440
157442
157444
157446
157544
157545
157546
157547
157548
157549
157550
157551
157552
157553
157554
157555
157652
157653
157654
157655
157656
157657
157658
157659
157660
157661
157662
157663
157760
157761
157762
157763
157764
157765
157766
157767
157768
157769
157770
157771
157844
157845
157846
157847
157848
157849
157850
157851
157852
162175
162176
162178
162181
162182
162184
162186
162188
162190
162192
162327
162328
162329
162330
162331
162332
162333
162334
162399
162400
162401
162402
162403
162404
162405
162406
162471
162472
162473
162474
162475
162476
162477
162478
162543
162544
162545
162546
162547
162548
162549
162550
162615
162616
162617
162618
162619
162620
162621
162622
162679
162681
162683
162685
162687
162689
162691
162693
162751
162753
162755
162757
162759
162761
162763
162765
162823
162825
162827
162829
162831
162833
162835
162837
162895
162897
162899
162901
162903
162905
162907
162909
162967
162969
162971
162973
162975
162977
162979
162981
163039
163041
163043
163045
163047
163049
163051
163053
163111
163113
163115
163117
163119
163121
163123
163125
163183
163185
163187
163189
163191
163193
163195
163197
163255
163257
163259
163261
163263
163265
163267
163269
163327
163329
163331
163333
163335
163337
163339
163341
163407
163408
163409
163410
163411
163412
163413
163414
163479
163480
163481
163482
163483
163484
163485
163486
163551
163552
163553
163554
163555
163556
163557
163558
163607
163608
163609
163610
163611
163612
163613
163614
163615
163616
163625
163626
163627
163633
163634
163635
163641
163642
163646
163647
163648
163654
163655
163659
163660
163661
163667
163668
163672
163673
163676
163678
163679
163680
163686
163687
163688
163694
163695
163699
163700
163704
163705
163709
163710
163714
163715
163719
163720
163724
163726
164078
164079
164083
164084
164088
164089
164093
164094
164098
164099
164103
164104
164108
164109
164113
164114
164118
164119
164123
164124
164128
164129
164133
164134
164138
164139
164143
164144
164148
164149
164153
164154
164158
164159
164163
164164
164168
164169
164173
164174
164913
164914
164915
164916
164925
164926
164927
164933
164934
164935
164941
164942
164946
164947
164948
164954
164955
164959
164960
164961
164967
164968
164972
164973
164976
164978
164979
164980
164986
164987
164988
164994
164995
164999
165000
165004
165005
165009
165010
165014
165015
165019
165020
165024
165026
165468
165469
165470
165471
165476
165477
165478
165481
165482
165483
165486
165487
165489
165490
165491
165494
165495
165497
165498
165499
165502
165503
165505
165506
165507
165508
165509
165510
165513
165514
165515
165516
165518
165519
165520
165522
165523
165524
165526
165527
166092
166093
166094
166095
166103
166104
166105
166111
166112
166113
166118
166119
166124
166125
166126
166131
166132
166137
166138
166139
166144
166145
166149
166150
166152
166156
166157
166158
166164
166165
166166
166171
166172
166176
166177
166181
166182
166186
166187
166191
166192
166196
166197
166200
166202
166511
166512
166513
166519
166520
166521
166526
166527
166531
166532
166536
166537
166541
166542
166546
166547
166551
166552
166555
166557
166561
166562
166563
166569
166570
166571
166576
166577
166581
166582
166586
166587
166591
166592
166596
166597
166601
166602
166605
166607
167166
167167
167168
167173
167174
167179
167180
167181
167186
167187
167192
167193
167194
167199
167200
167205
167206
167207
167212
167213
167218
167219
167220
167225
167226
167230
167231
167235
167236
167240
167241
167245
167246
167250
167251
167255
167256
167260
167261
167265
167266
167270
167271
167275
167276
167526
167527
167528
167534
167535
167536
167541
167542
167546
167547
167551
167552
167556
167557
167561
167562
167566
167567
167570
167572
167576
167577
167578
167584
167585
167586
167591
167592
167596
167597
167601
167602
167606
167607
167611
167612
167616
167617
167620
167622
167958
167959
167960
167966
167967
167971
167972
167973
167979
167980
167984
167985
167986
167992
167993
167997
167998
167999
168005
168006
168010
168011
168012
168018
168019
168023
168024
168028
168029
168033
168034
168038
168039
168043
168044
168048
168049
168053
168054
168058
168059
168063
168064
168068
168069
168075
168076
168080
168081
168085
168086
168090
168091
168095
168096
168100
168101
168105
168106
168110
168111
168115
168116
168120
168121
168125
168126
168130
168131
168135
168136
168140
168141
168145
168146
168150
168151
168155
168156
168160
168161
168165
168166
168170
168171
168175
168176
168180
168181
168185
168186
168190
168191
168195
168196
168200
168201
168205
168206
168210
168211
168215
168216
168220
168221
168225
168226
168230
168231
168235
168236
168240
168241
168245
168246
168250
168251
168255
168256
168260
168261
168265
168266
168270
168271
168273
168274
168278
168279
168283
168284
168288
168289
168293
168294
168298
168299
168303
168304
168308
168309
168313
168314
168318
168319
168323
168324
168328
168329
168333
168334
168338
168339
168343
168344
168348
168349
168353
168354
168358
168359
168363
168364
168368
168369
170248
170249
170250
170256
170257
170258
170264
170265
170269
170270
170274
170275
170279
170280
170284
170285
170289
170290
170294
170296
170298
170299
170300
170306
170307
170310
170311
170315
170317
170318
170322
170324
170325
170329
170331
170733
170734
170735
170741
170742
170746
170747
170748
170754
170755
170759
170760
170761
170767
170768
170772
170773
170774
170780
170781
170785
170786
170787
170793
170794
170798
170799
170803
170805
170806
170810
170812
170813
170817
170819
170820
170824
170826
170827
170831
170975
170976
170980
170981
170985
170986
170990
170991
170995
170996
171000
171001
171005
171006
171010
171011
171015
171016
171020
171021
171025
171026
171029
171032
171033
171036
171039
171040
171043
171046
171047
171050
171053
171054
171057
171461
171462
171463
171469
171470
171471
171476
171477
171481
171482
171486
171487
171491
171492
171496
171497
171501
171502
171505
171507
171511
171512
171513
171518
171519
171522
171523
171526
171529
171530
171533
171536
171537
171540
171542
171926
171927
171928
171933
171934
171939
171940
171941
171946
171947
171952
171953
171954
171959
171960
171965
171966
171967
171972
171973
171978
171979
171980
171985
171986
171990
171991
171994
171997
171998
172001
172004
172005
172008
172011
172012
172015
172018
172019
172022
172023
172024
172025
172031
172032
172036
172037
172038
172044
172045
172049
172050
172051
172057
172058
172062
172063
172064
172070
172071
172075
172076
172077
172083
172084
172088
172089
172093
172095
172096
172100
172102
172103
172107
172109
172110
172114
172116
172117
172121
172123
172124
172125
172131
172132
172133
172139
172140
172144
172145
172149
172150
172154
172155
172159
172160
172164
172165
172169
172171
172173
172174
172175
172181
172182
172185
172186
172190
172192
172193
172197
172199
172200
172204
172206
172211
172212
172213
172219
172220
172221
172226
172227
172231
172232
172236
172237
172241
172242
172246
172247
172251
172252
172255
172257
172261
172262
172263
172268
172269
172272
172273
172276
172279
172280
172283
172286
172287
172290
172292
174013
174014
174015
174021
174022
174026
174027
174031
174032
174038
174039
174043
174044
174048
174049
174053
174054
174058
174059
174063
174064
174068
174069
174073
174074
174076
174077
174081
174082
174086
174087
174091
174092
174099
174100
174101
174106
174107
174111
174112
174116
174117
174119
174120
174121
174127
174128
174132
174133
174137
174138
174144
174145
174149
174150
174154
174155
174159
174160
174162
174163
174167
174168
174172
174173
174177
174178
174182
174183
174184
174190
174191
174195
174196
174200
174201
174208
174209
174210
174215
174216
174220
174221
174225
174226
174228
174229
174233
174234
174238
174239
174243
174244
174250
174251
174255
174256
174260
174261
174265
174266
175287
175288
175289
175295
175296
175300
175301
175305
175309
175310
175314
175315
175319
175320
175323
175327
175328
175329
175334
175335
175339
175340
175343
175344
175345
175346
175352
175353
175357
175358
175362
175364
175365
175369
175370
175374
175375
175379
175383
175384
175388
175389
175393
175394
175397
175400
175401
175405
175406
175410
175411
175414
175415
175416
175420
175421
175425
175426
175430
176093
176094
176095
176096
176105
176106
176107
176113
176114
176115
176121
176122
176126
176127
176128
176134
176135
176139
176140
176141
176147
176148
176152
176153
176154
176160
176161
176162
176168
176169
176173
176174
176178
176179
176183
176184
176188
176189
176193
176194
176201
176202
176203
176208
176209
176214
176215
176216
176221
176222
176227
176228
176229
176234
176235
176240
176241
176242
176247
176248
176252
176253
176257
176258
176262
176263
176267
176268
176272
176273
176277
176278
176282
176283
176287
176288
176290
176291
176292
176293
176302
176303
176304
176310
176311
176312
176318
176319
176323
176324
176325
176331
176332
176336
176337
176338
176344
176345
176349
176350
176351
176357
176358
176361
176362
176366
176368
176369
176373
176375
176376
176380
176385
176386
176387
176392
176393
176398
176399
176400
176405
176406
176411
176412
176413
176418
176419
176424
176425
176426
176431
176432
176436
176437
176440
176443
176444
176447
176450
176451
176454
176457
176458
176461
176462
176463
176464
176470
176471
176472
176478
176479
176483
176484
176488
176489
176493
176494
176498
176499
176503
176504
176508
176509
176510
176516
176517
176520
176521
176525
176527
176528
176532
176534
176535
176539
176543
176544
176548
176549
176553
176554
176558
176559
176563
176564
176568
176569
176573
176574
176578
176579
176583
176584
176587
176590
176591
176594
176597
176598
176601
176604
176605
176608
176609
176610
176611
176612
176621
176622
176623
176629
176630
176631
176637
176638
176642
176643
176644
176650
176651
176655
176656
176659
176661
176662
176663
176669
176670
176671
176677
176678
176682
176683
176687
176688
176692
176693
176697
176699
176705
176706
176707
176708
176716
176717
176718
176724
176725
176726
176731
176732
176737
176738
176739
176744
176745
176749
176750
176752
176756
176757
176758
176764
176765
176766
176771
176772
176776
176777
176781
176782
176786
176787
176790
176792
176793
176794
176795
176801
176802
176806
176807
176808
176814
176815
176819
176820
176821
176827
176828
176832
176833
176834
176840
176841
176848
176849
176850
176855
176856
176861
176862
176863
176868
176869
176874
176875
176876
176881
176882
176887
176888
176889
176894
176895
176897
176898
176902
176904
176905
176909
176911
176912
176916
176918
176919
176923
176927
176928
176931
176934
176935
176938
176941
176942
176945
176948
176949
176952
176953
176954
176955
176956
176964
176965
176966
176972
176973
176974
176980
176981
176985
176986
176987
176993
176994
176997
176998
177002
177004
177005
177006
177012
177013
177017
177018
177021
177023
177024
177028
177030
177036
177037
177038
177039
177046
177047
177048
177054
177055
177056
177061
177062
177067
177068
177069
177074
177075
177078
177079
177082
177086
177087
177088
177093
177094
177098
177099
177101
177104
177105
177108
177110
177111
177112
177113
177114
177123
177124
177125
177131
177132
177135
177137
177138
177139
177145
177146
177149
177155
177156
177157
177158
177166
177167
177168
177173
177174
177176
177180
177181
177182
177187
177188
177190
177191
177192
177193
177194
177203
177204
177205
177211
177212
177215
177217
177218
177219
177225
177226
177229
177235
177236
177237
177238
177246
177247
177248
177253
177254
177256
177260
177261
177262
177267
177268
177270
177273
177274
177278
177279
177283
177284
177288
177289
177293
177294
177298
177299
177303
177304
177308
177309
177311
177312
177316
177317
177321
177322
177326
177327
177331
177332
177336
177337
177341
177342
177346
177347
177353
177354
177358
177359
177363
177364
177368
177369
177373
177374
177378
177379
177383
177384
177388
177389
177390
177391
177395
177396
177400
177401
177405
177406
177410
177411
177415
177416
177420
177421
177425
177426
177432
177433
177434
177438
177442
177443
177444
177448
177452
177453
177454
177458
177461
177462
177463
177464
177465
177471
177473
177474
177475
177481
177483
177484
177485
177491
177493
177494
177500
177501
177502
177506
177510
177511
177512
177516
177520
177521
177522
177526
177529
177530
177531
177532
177533
177539
177541
177542
177543
177549
177551
177552
177553
177559
177561
177562
177568
177569
177570
177574
177578
177579
177580
177584
177588
177589
177590
177594
177597
177598
177599
177600
177601
177607
177609
177610
177611
177617
177619
177620
177621
177627
177629
177630
177636
177637
177638
177642
177646
177647
177648
177652
177656
177657
177658
177662
177665
177666
177667
177668
177672
177674
177675
177679
177681
177682
177686
177688
177690
177691
177695
177696
177700
177701
177705
177706
177710
177711
177715
177717
177718
177722
177726
177727
177731
177732
177736
177737
177741
177742
177746
177747
177750
177753
177754
177757
177758
177759
177760
177766
177767
177768
177774
177775
177779
177780
177784
177785
177786
177792
177793
177796
177797
177801
177805
177806
177810
177811
177815
177816
177820
177821
177825
177826
177829
177832
177833
177836
177839
177840
177844
177845
177849
177850
177854
177855
177859
177860
177863
177866
177867
177870
177871
177872
177876
177877
177881
177883
177885
177886
177890
177892
177894
177895
177899
177900
177904
177906
177908
177909
177913
177915
177919
177920
177924
177925
177928
177930
177933
177934
177937
177939
177943
177944
177945
177949
177953
177954
177955
177959
177963
177964
177965
177969
177972
177973
177974
177975
177976
177982
177984
177985
177986
177992
177994
177995
177996
178002
178004
178005
178010
178011
178014
178017
178018
178021
178024
178025
178028
178030
178031
178032
178036
178038
178039
178043
178045
178046
178050
178052
186237
186238
186239
186240
186249
186250
186251
186257
186258
186259
186265
186266
186270
186271
186274
186285
186286
186287
186293
186294
186295
186301
186302
186306
186307
186311
186313
186345
186346
186347
186348
186353
186354
186355
186358
186359
186360
186363
186364
186366
186367
186368
186381
186382
186383
186386
186387
186388
186389
186391
186392
186393
186394
186395
186396
186405
186406
186407
186413
186414
186415
186421
186422
186426
186427
186430
186441
186442
186443
186449
186450
186451
186457
186458
186462
186463
186467
186469
186495
186496
186497
186500
186501
186502
186505
186506
186508
186509
186511
186512
186531
186532
186533
186536
186537
186538
186541
186542
186544
186545
186547
186548
186549
186550
186551
186552
186561
186562
186563
186569
186570
186571
186577
186578
186582
186583
186586
186597
186598
186599
186605
186606
186609
186610
186614
186616
186645
186646
186647
186648
186653
186654
186655
186658
186659
186660
186663
186664
186666
186667
186668
186681
186682
186683
186686
186687
186688
186689
186691
186692
186693
186694
186695
186701
186702
186703
186709
186710
186714
186715
186719
186721
186729
186730
186731
186737
186738
186739
186745
186746
186750
186751
186755
186757
186783
186784
186785
186788
186789
186790
186793
186794
186796
186797
186799
186800
186819
186820
186821
186824
186825
186826
186829
186830
186832
186833
186835
186836
186837
186838
186839
186840
186849
186850
186851
186857
186858
186859
186865
186866
186870
186871
186874
186885
186886
186887
186893
186894
186897
186898
186902
186904
186933
186934
186935
186936
186941
186942
186943
186946
186947
186948
186951
186952
186954
186955
186956
186969
186970
186971
186974
186975
186976
186977
186979
186980
186981
186982
186983
186984
186993
186994
186995
187001
187002
187003
187009
187010
187014
187015
187018
187029
187030
187031
187037
187038
187041
187042
187046
187048
187077
187078
187079
187080
187085
187086
187087
187090
187091
187092
187095
187096
187098
187099
187100
187113
187114
187115
187118
187119
187120
187121
187123
187124
187125
187126
187127
187133
187134
187135
187141
187142
187146
187147
187151
187153
187161
187162
187163
187169
187170
187171
187177
187178
187182
187183
187187
187189
187215
187216
187217
187220
187221
187222
187225
187226
187228
187229
187231
187232
187251
187252
187253
187256
187257
187258
187261
187262
187264
187265
187267
187268
187269
187270
187271
187272
187281
187282
187283
187289
187290
187291
187297
187298
187302
187303
187306
187317
187318
187319
187325
187326
187329
187330
187334
187336
187365
187366
187367
187368
187373
187374
187375
187378
187379
187380
187383
187384
187386
187387
187388
187401
187402
187403
187406
187407
187408
187409
187411
187412
187413
187414
187415
187416
187425
187426
187427
187433
187434
187435
187441
187442
187446
187447
187450
187461
187462
187463
187469
187470
187473
187474
187478
187480
187509
187510
187511
187512
187517
187518
187519
187522
187523
187524
187527
187528
187530
187531
187532
187545
187546
187547
187550
187551
187552
187553
187555
187556
187557
187558
187559
187565
187566
187567
187573
187574
187578
187579
187583
187585
187593
187594
187595
187601
187602
187605
187606
187610
187612
187635
187636
187637
187640
187641
187642
187645
187646
187648
187649
187651
187652
187665
187666
187667
187670
187671
187672
187673
187675
187676
187677
187678
187679
187680
187689
187690
187691
187703
187704
187705
187711
187712
187713
187733
187734
187735
187738
187739
187740
187753
187754
187755
187758
187759
187760
187776
187777
187778
187779
187784
187785
187786
187799
187800
187801
187804
187805
187806
187809
187810
187811
187817
187818
187819
187829
187830
187831
187837
187838
187839
187849
187850
187851
187857
187858
187859
187869
187870
187871
187877
187878
187879
187899
187900
187901
187904
187905
187906
187919
187920
187921
187924
187925
187926
187929
187930
187931
187932
187941
187942
187943
187955
187956
187957
187963
187964
187965
187988
187989
187990
187991
187996
187997
187998
188011
188012
188013
188016
188017
188018
188021
188022
188023
188024
188033
188034
188035
188047
188048
188049
188055
188056
188057
188080
188081
188082
188083
188088
188089
188090
188103
188104
188105
188108
188109
188110
188113
188114
188115
188121
188122
188123
188133
188134
188135
188141
188142
188143
188163
188164
188165
188168
188169
188170
188183
188184
188185
188188
188189
188190
188193
188194
188195
188196
188205
188206
188207
188213
188214
188215
188221
188222
188226
188227
188228
188234
188235
188239
188240
188241
188247
188248
188252
188253
188256
188273
188274
188275
188281
188282
188283
188289
188290
188294
188295
188299
188300
188304
188305
188309
188310
188314
188315
188319
188321
188363
188364
188365
188368
188369
188370
188373
188374
188376
188377
188379
188380
188382
188383
188385
188386
188388
188389
188391
188392
188423
188424
188425
188428
188429
188430
188433
188434
188436
188437
188439
188440
188442
188443
188445
188446
188448
188449
188451
188452
188493
188494
188495
188498
188499
188501
188502
188503
188506
188507
188509
188510
188511
188514
188515
188517
188518
188519
188522
188523
188525
188526
188527
188530
188531
188563
188564
188566
188567
188569
188570
188572
188573
188575
188576
188578
188579
188581
188582
188584
188585
188587
188588
188590
188591
188593
188594
188598
188599
188603
188604
188608
188609
188613
188614
188618
188619
188623
188624
188628
188629
188633
188634
188638
188639
188653
188654
188658
188659
188663
188664
188668
188669
188673
188674
188678
188679
188683
188684
188688
188689
188693
188694
188698
188699
188713
188714
188715
188721
188722
188723
188729
188730
188734
188735
188739
188740
188744
188745
188749
188750
188754
188755
188759
188761
188773
188774
188775
188781
188782
188783
188789
188790
188794
188795
188799
188800
188804
188805
188809
188810
188814
188815
188819
188821
188863
188864
188865
188868
188869
188870
188873
188874
188876
188877
188879
188880
188882
188883
188885
188886
188888
188889
188891
188892
188923
188924
188925
188928
188929
188930
188933
188934
188936
188937
188939
188940
188942
188943
188945
188946
188948
188949
188951
188952
188953
188954
188955
188956
188965
188966
188967
188973
188974
188975
188981
188982
188986
188987
188988
188994
188995
188999
189000
189001
189007
189008
189012
189013
189016
189033
189034
189035
189041
189042
189043
189049
189050
189054
189055
189059
189060
189064
189065
189069
189070
189074
189075
189079
189081
189133
189134
189135
189136
189141
189142
189143
189146
189147
189148
189151
189152
189154
189155
189156
189159
189160
189162
189163
189164
189167
189168
189170
189171
189172
189203
189204
189205
189208
189209
189210
189213
189214
189216
189217
189219
189220
189222
189223
189225
189226
189228
189229
189231
189232
189233
189234
189235
189236
189245
189246
189247
189253
189254
189255
189261
189262
189266
189267
189268
189274
189275
189279
189280
189281
189287
189288
189292
189293
189296
189313
189314
189315
189321
189322
189323
189329
189330
189334
189335
189339
189340
189344
189345
189349
189350
189354
189355
189359
189361
189413
189414
189415
189416
189421
189422
189423
189426
189427
189428
189431
189432
189434
189435
189436
189439
189440
189442
189443
189444
189447
189448
189450
189451
189452
189483
189484
189485
189488
189489
189490
189493
189494
189496
189497
189499
189500
189502
189503
189505
189506
189508
189509
189511
189512
189513
189514
189515
189521
189522
189523
189529
189530
189534
189535
189539
189540
189544
189545
189549
189550
189554
189555
189559
189561
189573
189574
189575
189581
189582
189583
189589
189590
189594
189595
189599
189600
189604
189605
189609
189610
189614
189615
189619
189621
189663
189664
189665
189668
189669
189670
189673
189674
189676
189677
189679
189680
189682
189683
189685
189686
189688
189689
189691
189692
189723
189724
189725
189728
189729
189730
189733
189734
189736
189737
189739
189740
189742
189743
189745
189746
189748
189749
189751
189752
189753
189754
189755
189761
189762
189766
189767
189770
189775
189776
189780
189781
189785
189787
189802
189803
189804
189807
189808
189810
189811
189812
189818
189819
189821
189822
189823
189824
189825
189831
189832
189836
189837
189840
189845
189846
189850
189851
189855
189857
189869
189870
189872
189873
189875
189876
189885
189886
189888
189889
189891
189892
189893
189894
189895
189901
189902
189906
189907
189910
189915
189916
189920
189922
189936
189937
189938
189941
189942
189944
189945
189946
189952
189953
189955
189956
189957
189958
189959
189965
189966
189967
189973
189975
189981
189982
189983
189989
189990
189991
189997
189999
190017
190018
190019
190022
190023
190024
190027
190028
190041
190042
190043
190046
190047
190048
190051
190052
190053
190054
190055
190056
190064
190065
190066
190072
190073
190076
190083
190084
190085
190091
190092
190095
190114
190115
190116
190117
190121
190122
190123
190126
190127
190128
190137
190138
190139
190142
190143
190144
190145
190146
190147
190153
190154
190158
190159
190162
190167
190168
190172
190174
190188
190189
190190
190193
190194
190196
190197
190198
190204
190205
190207
190208
190209
190210
190211
190217
190218
190219
190225
190227
190233
190234
190235
190241
190242
190243
190248
190250
190267
190268
190269
190272
190273
190274
190277
190278
190290
190291
190292
190295
190296
190297
190299
190300
190301
190302
190303
190304
190312
190313
190314
190320
190321
190324
190331
190332
190333
190339
190340
190343
190362
190363
190364
190365
190369
190370
190371
190374
190375
190376
190385
190386
190387
190390
190391
190392
190393
190394
190395
190401
190402
190406
190407
190410
190415
190416
190420
190422
190436
190437
190438
190441
190442
190444
190445
190446
190452
190453
190455
190456
190457
190458
190462
190463
190467
190469
190473
190474
190478
190480
190491
190492
190494
190495
190497
190498
190504
190505
190507
190508
190509
190510
190511
190512
190521
190522
190523
190535
190536
190537
190543
190544
190562
190563
190564
190565
190570
190571
190572
190582
190583
190584
190587
190588
190599
190600
190601
190604
190605
190606
190616
190617
190618
190621
190622
190623
190624
190625
190631
190632
190633
190643
190644
190645
190651
190652
190667
190668
190669
190672
190673
190674
190684
190685
190686
190689
190690
190691
190692
190693
190699
190700
190701
190711
190712
190713
190719
190720
190725
190726
190727
190733
190734
190735
190745
190746
190747
190753
190754
190769
190770
190771
190774
190775
190776
190786
190787
190788
190791
190792
190793
190794
190795
190801
190802
190806
190807
190808
190814
190815
190819
190820
190821
190827
190828
190832
190833
190834
190840
190841
190845
190846
190849
190863
190864
190868
190870
190871
190875
190877
190878
190882
190884
190885
190889
190891
190932
190933
190934
190937
190938
190940
190941
190942
190945
190946
190948
190949
190950
190953
190954
190956
190957
190958
190961
190962
190964
190965
190966
190984
190985
190987
190988
190989
190991
190992
190993
190995
190996
190997
190999
191000
191027
191028
191030
191031
191033
191034
191036
191037
191039
191040
191042
191043
191045
191046
191048
191049
191051
191052
191070
191071
191073
191074
191075
191077
191078
191079
191081
191082
191083
191085
191086
191087
191088
191092
191093
191097
191098
191102
191103
191107
191108
191112
191113
191117
191118
191122
191123
191127
191129
191139
191140
191144
191146
191147
191151
191153
191154
191158
191160
191161
191165
191167
191199
191200
191202
191203
191205
191206
191208
191209
191211
191212
191214
191215
191217
191218
191220
191221
191223
191224
191242
191243
191245
191246
191247
191249
191250
191251
191253
191254
191255
191257
191258
191259
191260
191264
191265
191269
191270
191274
191275
191279
191280
191284
191285
191289
191290
191294
191295
191299
191301
191311
191312
191316
191318
191319
191323
191325
191326
191330
191332
191333
191337
191339
191345
191346
191350
191351
191355
191356
191360
191361
191365
191366
191370
191371
191375
191376
191380
191381
191385
191387
191397
191398
191402
191404
191405
191409
191411
191412
191416
191418
191419
191423
191425
191457
191458
191460
191461
191463
191464
191466
191467
191469
191470
191472
191473
191475
191476
191478
191479
191481
191482
191500
191501
191503
191504
191505
191507
191508
191509
191511
191512
191513
191515
191516
191517
191518
191519
191520
191529
191530
191531
191537
191538
191539
191545
191546
191559
191560
191561
191567
191568
191572
191573
191574
191580
191581
191612
191613
191614
191615
191620
191621
191622
191625
191626
191627
191630
191631
191644
191645
191646
191649
191650
191652
191653
191654
191655
191656
191657
191658
191667
191668
191669
191675
191676
191677
191683
191684
191697
191698
191699
191705
191706
191710
191711
191714
191740
191741
191742
191743
191748
191749
191750
191753
191754
191755
191758
191759
191772
191773
191774
191777
191778
191780
191781
191782
191783
191784
191785
191791
191792
191793
191799
191800
191804
191805
191815
191816
191820
191821
191825
191826
191830
191831
191855
191856
191857
191860
191861
191862
191865
191866
191868
191869
191879
191880
191882
191883
191885
191886
191887
191888
191889
191895
191896
191897
191903
191904
191908
191909
191919
191920
191924
191925
191929
191931
191951
191952
191953
191956
191957
191958
191961
191962
191964
191965
191975
191976
191978
191979
191981
191982
191983
191984
191985
191986
191995
191996
191999
192000
192001
192007
192015
192016
192017
192023
192025
192026
192027
192033
192051
192052
192053
192056
192057
192058
192059
192062
192075
192076
192077
192080
192081
192082
192083
192086
192087
192088
192089
192095
192096
192097
192103
192104
192108
192109
192119
192120
192124
192125
192129
192131
192151
192152
192153
192156
192157
192158
192161
192162
192164
192165
192175
192176
192178
192179
192181
192182
192183
192184
192185
192186
192195
192196
192199
192200
192201
192207
192215
192216
192217
192223
192225
192226
192227
192233
192251
192252
192253
192256
192257
192258
192259
192262
192275
192276
192277
192280
192281
192282
192283
192286
192287
192288
192289
192295
192296
192297
192303
192304
192308
192309
192319
192320
192324
192325
192329
192331
192351
192352
192353
192356
192357
192358
192361
192362
192364
192365
192375
192376
192378
192379
192381
192382
192383
192384
192385
192391
192392
192393
192399
192400
192404
192405
192415
192416
192420
192421
192425
192426
192430
192431
192455
192456
192457
192460
192461
192462
192465
192466
192468
192469
192483
192484
192486
192487
192489
192490
192492
192493
192495
192496
192497
192503
192504
192507
192508
192512
192517
192518
192522
192524
192525
192529
192544
192545
192546
192549
192550
192551
192552
192554
192563
192564
192566
192567
192568
192570
192571
192572
192573
192579
192580
192584
192585
192586
192592
192593
192603
192604
192605
192611
192612
192616
192617
192618
192624
192625
192635
192636
192640
192641
192645
192646
192650
192651
192659
192660
192664
192665
192669
192670
192674
192675
192697
192698
192699
192702
192703
192705
192706
192707
192710
192711
192729
192730
192731
192734
192735
192737
192738
192739
192742
192743
192757
192758
192760
192761
192763
192764
192766
192767
192780
192781
192783
192784
192786
192787
192789
192790
192803
192804
192806
192807
192809
192810
192812
192813
192823
192824
192826
192827
192829
192830
192839
192840
192842
192843
192844
192846
192852
192853
192855
192856
192857
192858
192862
192863
192867
192868
192872
192873
192881
192882
192886
192887
192891
192893
192897
192898
192902
192904
192905
192909
192913
192914
192918
192920
192935
192936
192937
192940
192941
192942
192943
192946
192955
192956
192957
192960
192961
192962
192963
192964
192965
192971
192973
192974
192975
192981
192987
192988
192989
192995
192997
192998
193015
193016
193017
193020
193021
193022
193023
193026
193035
193036
193037
193040
193041
193042
193043
193044
193045
193051
193053
193054
193055
193061
193067
193068
193069
193075
193077
193078
193083
193084
193088
193089
193093
193094
193098
193099
193107
193108
193112
193113
193117
193118
193122
193123
193143
193144
193146
193147
193149
193150
193152
193153
193167
193168
193170
193171
193173
193174
193176
193177
193179
193180
193184
193185
193189
193190
193194
193195
193203
193204
193208
193209
193213
193214
193218
193219
193237
193238
193240
193241
193243
193244
193246
193247
193260
193261
193263
193264
193266
193267
193269
193270
193271
193272
193273
193279
193281
193282
193283
193289
193295
193296
193297
193303
193305
193306
193323
193324
193325
193328
193329
193330
193331
193334
193343
193344
193345
193348
193349
193350
193351
193352
193353
193359
193361
193362
193363
193369
193375
193376
193377
193383
193385
193386
193403
193404
193405
193408
193409
193410
193411
193414
193423
193424
193425
193428
193429
193430
193443
193444
193445
193448
193449
193450
193451
193454
193463
193464
193465
193468
193469
193470
193471
193472
193473
193479
193481
193482
193483
193489
193495
193496
193497
193503
193505
193506
193523
193524
193525
193528
193529
193530
193531
193534
193543
193544
193545
193548
193549
193550
193551
193552
193556
193558
193559
193563
193567
193568
193572
193574
193577
193578
193582
193583
193587
193588
193592
193593
193601
193602
193606
193608
193609
193613
193629
193630
193632
193633
193635
193636
193638
193639
193649
193650
193652
193653
193654
193656
193657
193658
193662
193663
193667
193669
193673
193674
193678
193680
193691
193692
193694
193695
193697
193698
193704
193705
193707
193708
193721
193722
193723
193726
193727
193728
193729
193732
193741
193742
193743
193746
193747
193748
193749
193750
193751
193757
193759
193760
193761
193767
193773
193774
193775
193781
193783
193784
193801
193802
193803
193806
193807
193808
193809
193812
193821
193822
193823
193826
193827
193828
193829
193830
193834
193836
193837
193841
193845
193846
193850
193852
