433
435
437
439
441
443
451
453
455
463
465
467
471
473
477
479
489
491
501
503
1009
1011
1013
1015
1017
1019
1027
1029
1031
1039
1041
1043
1047
1053
1065
1077
1585
1587
1589
1591
1593
1595
1603
1605
1607
1615
1617
1619
1623
1629
1641
1653
2161
2163
2165
2167
2169
2171
2179
2181
2183
2191
2193
2195
2199
2205
2217
2229
2737
2739
2741
2743
2745
2747
2755
2757
2759
2767
2769
2771
2775
2781
2793
2805
3313
3315
3317
3319
3321
3323
3331
3333
3335
3343
3345
3347
3351
3357
3369
3381
3964
3966
3970
3972
3982
3984
3994
3996
4000
4002
4006
4008
4018
4020
4030
4032
4540
4542
4546
4548
4558
4560
4570
4572
4576
4578
4582
4584
4594
4596
4606
4608
5116
5118
5122
5124
5134
5136
5146
5148
5152
5154
5158
5160
5170
5172
5182
5184
5692
5694
5698
5700
5710
5712
5722
5724
5728
5730
5734
5736
5746
5748
5758
5760
6268
6270
6274
6276
6286
6288
6298
6300
6304
6306
6310
6312
6322
6324
6334
6336
6844
6846
6850
6852
6862
6864
6874
6876
6880
6882
6886
6888
6898
6900
6910
6912
7347
7349
7353
7355
7365
7367
7377
7379
7383
7385
7389
7391
7401
7403
7413
7415
7923
7925
7929
7931
7941
7943
7953
7955
7959
7961
7965
7967
7977
7979
7989
7991
8499
8501
8505
8507
8517
8519
8529
8531
8535
8537
8541
8543
8553
8555
8565
8567
9075
9077
9081
9083
9093
9095
9105
9107
9111
9113
9117
9119
9129
9131
9141
9143
9724
9726
9730
9732
9742
9744
9754
9756
9760
9762
9766
9768
9778
9780
9790
9792
10300
10302
10306
10308
10318
10320
10330
10332
10336
10338
10342
10344
10354
10356
10366
10368
10876
10878
10882
10884
10894
10896
10906
10908
10912
10914
10918
10920
10930
10932
10942
10944
11452
11454
11458
11460
11470
11472
11482
11484
11488
11494
11506
11518
34562
34564
34566
34568
34570
34572
34588
34590
34594
34596
35282
35284
35286
35288
35290
35292
35308
35314
35666
35668
35670
35672
35674
35676
35692
35698
36050
36052
36054
36056
36058
36060
36076
36082
36434
36436
36438
36440
36442
36444
36460
36466
36818
36820
36822
36824
36826
36828
36844
36850
37155
37157
37161
37163
37179
37181
37185
37187
37539
37541
37545
37547
37563
37565
37569
37571
37923
37925
37929
37931
37947
37949
37953
37955
38307
38309
38313
38315
38331
38333
38337
38339
38691
38693
38697
38699
38715
38717
38721
38723
39075
39077
39081
39083
39099
39101
39105
39107
39459
39461
39465
39467
39483
39485
39489
39491
39843
39845
39849
39851
39867
39869
39873
39875
40227
40229
40233
40235
40251
40253
40257
40259
40611
40613
40617
40619
40635
40637
40641
40643
41044
41046
41050
41052
41068
41070
41074
41076
41428
41430
41434
41436
41452
41454
41458
41460
41812
41814
41818
41820
41836
41838
41842
41844
42196
42198
42202
42204
42220
42226
42241
42243
42245
42247
42249
42251
42259
42261
42263
42271
42273
42275
42283
42285
42287
42303
42305
42309
42311
42321
42323
42333
42335
42345
42347
42969
42971
42981
42983
42993
42995
43005
43007
43017
43019
43029
43031
43041
43043
43053
43055
43065
43067
43077
43079
44161
44163
44165
44167
44169
44171
44179
44181
44183
44191
44193
44195
44203
44205
44207
44223
44225
44229
44231
44241
44243
44253
44255
44265
44267
45001
45003
45005
45007
45009
45011
45019
45021
45023
45031
45033
45035
45043
45045
45047
45063
45069
45081
45093
45105
46082
46084
46086
46088
46090
46092
46100
46102
46104
46112
46114
46116
46124
46126
46128
46144
46146
46150
46152
46162
46164
46174
46176
46186
46188
46804
46806
46810
46812
46822
46824
46834
46836
46846
46848
46864
46866
46870
46872
46882
46884
46894
46896
46906
46908
47768
47770
47772
47780
47782
47784
47792
47794
47796
47804
47806
47808
47816
47818
47820
47830
47832
47842
47844
47854
47856
47866
47868
47878
47880
48244
48246
48250
48252
48262
48264
48274
48276
48286
48288
48304
48306
48310
48312
48322
48324
48334
48336
48346
48348
48967
48969
48971
48979
48981
48983
48991
48993
48995
49003
49005
49007
49015
49017
49019
49029
49031
49041
49043
49053
49055
49065
49067
49077
49079
49090
49092
49102
49104
49114
49116
49126
49128
49138
49140
49150
49152
49162
49164
49174
49176
49186
49188
49198
49200
49210
49212
49222
49224
49234
49236
49246
49248
49258
49260
49270
49272
49282
49284
49294
49296
49306
49308
49318
49320
49329
49331
49341
49343
49353
49355
49365
49367
49377
49379
49389
49391
49401
49403
49413
49415
49425
49427
49437
49439
53045
53047
53049
53051
53059
53063
53071
53075
53083
53087
53105
53107
53119
53131
53143
54243
54247
54251
54255
54259
54263
54267
54271
54275
54279
54283
54287
54291
54295
54299
54307
54319
54331
54343
54355
54728
54732
54740
54744
54752
54756
54764
54768
54776
54780
54788
54800
54812
54824
54836
55926
55928
55930
55932
55940
55944
55952
55956
55964
55968
55986
55988
56000
56012
56024
57124
57128
57132
57136
57140
57144
57148
57152
57156
57160
57164
57168
57172
57176
57180
57188
57200
57212
57224
57236
57243
57247
57251
57255
57259
57263
57267
57271
57275
57279
57283
57287
57291
57295
57299
57307
57319
57331
57343
57355
57365
57367
57369
57371
57379
57383
57391
57395
57403
57407
57425
57427
57439
57451
57463
57486
57488
57490
57492
57500
57504
57512
57516
57524
57528
57546
57548
57560
57572
57584
61447
61449
61451
61461
61463
61474
61476
61486
61488
61498
61500
61510
61512
61521
61523
61533
61535
61538
61540
61542
61552
61554
61561
61563
61565
61575
61577
61588
61590
61600
61602
61611
61613
61623
61625
61633
61635
61637
61647
61649
61658
61660
61662
61672
61674
61689
61691
61701
61703
61714
61716
61726
61728
63459
63463
63467
63475
63488
63492
63500
63508
63512
63516
63524
63531
63535
63539
63547
63557
63561
63569
63582
63586
63594
63606
63610
63618
63629
63633
63641
65281
65283
65285
65287
65289
65291
65293
65295
65297
65305
65307
65309
65311
65313
65315
65319
65321
65325
65327
65331
65333
65343
65345
65349
65351
65360
65362
65364
65366
65368
65370
65378
65380
65382
65384
65386
65388
65398
65400
65404
65406
65416
65418
65422
65424
65425
65427
65429
65431
65433
65435
65437
65439
65441
65449
65451
65453
65455
65457
65459
65463
65469
65475
65487
65493
65504
65506
65508
65510
65512
65514
65522
65524
65526
65528
65530
65532
65542
65548
65560
65566
65571
65573
65577
65579
65583
65585
65595
65597
65601
65603
65607
65613
65619
65631
65637
65650
65652
65656
65658
65668
65670
65674
65676
65686
65692
65704
65710
65713
65715
65717
65719
65721
65723
65725
65727
65729
65737
65739
65741
65751
65753
65757
65759
65763
65765
65775
65777
65786
65788
65790
65792
65794
65796
65798
65800
65802
65810
65812
65814
65824
65826
65830
65832
65836
65838
65848
65850
65863
65865
65867
65869
65871
65873
65881
65883
65885
65887
65889
65891
65900
65902
65904
65906
65908
65910
65918
65920
65922
65924
65926
65928
65937
65943
65955
65961
65974
65980
65992
65998
66003
66005
66007
66009
66011
66013
66015
66017
66021
66027
66033
66043
66045
66047
66063
66076
66078
66080
66082
66084
66086
66088
66090
66094
66100
66106
66116
66118
66120
66136
66145
66147
66149
66151
66153
66155
66165
66171
66182
66184
66186
66188
66190
66192
66202
66208
66217
66219
66221
66223
66225
66227
66237
66243
66254
66256
66258
66260
66262
66264
66274
66280
66298
66300
66304
66306
66316
66318
66322
66324
66333
66335
66339
66341
66351
66353
66357
66359
66370
66372
66376
66378
66388
66390
66394
66405
66407
66411
66413
66423
66425
66429
66440
66442
66446
66448
66458
66460
66475
66477
66481
66483
66493
66495
66512
66514
66518
66520
66530
66532
66547
66549
66553
66555
66565
66567
66584
66586
66590
66592
66602
66604
66619
66621
66625
66627
66637
66639
66656
66658
66662
66664
66674
66676
66693
66699
66711
66729
66731
66735
66737
66747
66753
66766
66768
66772
66774
66784
66790
66795
66797
66801
66803
66807
66809
66813
66819
66825
66838
66840
66844
66846
66856
66862
66874
66876
66880
66882
66892
66898
66909
66911
66927
66945
66947
66963
66982
66984
67000
67016
67018
67022
67024
67034
67036
67051
67053
67057
67059
67069
67071
67090
67096
67108
67125
67131
67143
80257
80258
80259
80260
80261
80262
80263
80264
80265
80266
80267
80268
80269
80270
80271
80272
80273
80274
80307
80308
80309
80310
80313
80314
80315
80316
80319
80320
80321
80322
80354
80356
80358
80360
80362
80364
80366
80368
80370
80378
80380
80382
80384
80386
80388
80390
80392
80394
80404
80410
80416
80428
80434
80440
80449
80450
80451
80452
80453
80454
80455
80456
80457
80458
80459
80460
80461
80462
80463
80464
80465
80466
80499
80500
80501
80502
80505
80506
80507
80508
80511
80512
80513
80514
80548
80550
80554
80556
80560
80562
80572
80574
80578
80580
80584
80586
80596
80598
80602
80604
80608
80610
80620
80622
80626
80628
80632
80634
80641
80642
80643
80644
80645
80646
80647
80648
80649
80650
80651
80652
80653
80654
80655
80656
80657
80658
80691
80692
80697
80698
80703
80704
80738
80740
80742
80744
80746
80748
80750
80752
80754
80762
80764
80766
80768
80770
80772
80774
80776
80778
80788
80794
80800
80812
80818
80824
80835
80836
80837
80838
80841
80842
80843
80844
80847
80848
80849
80850
80883
80884
80885
80886
80889
80890
80891
80892
80895
80896
80897
80898
80932
80934
80938
80940
80944
80946
80956
80958
80962
80964
80968
80970
80980
80982
80986
80988
80992
80994
81004
81006
81010
81012
81016
81018
81025
81026
81027
81028
81029
81030
81031
81032
81033
81034
81035
81036
81037
81038
81039
81040
81041
81042
81075
81076
81081
81082
81087
81088
81122
81124
81126
81128
81130
81132
81134
81136
81138
81146
81148
81150
81152
81154
81156
81158
81160
81162
81172
81178
81184
81196
81202
81208
81217
81218
81219
81220
81221
81222
81223
81224
81225
81226
81227
81228
81229
81230
81231
81232
81233
81234
81267
81268
81273
81274
81279
81280
81314
81316
81318
81320
81322
81324
81326
81328
81330
81338
81340
81342
81344
81346
81348
81350
81352
81354
81364
81370
81376
81388
81394
81400
81411
81412
81413
81414
81417
81418
81419
81420
81423
81424
81425
81426
81459
81460
81461
81462
81465
81466
81467
81468
81471
81472
81473
81474
81508
81510
81514
81516
81520
81522
81532
81534
81538
81540
81544
81546
81556
81558
81562
81564
81568
81570
81580
81582
81586
81588
81592
81594
81601
81602
81603
81604
81605
81606
81607
81608
81609
81610
81611
81612
81613
81614
81615
81616
81617
81618
81651
81652
81657
81658
81663
81664
81698
81700
81702
81704
81706
81708
81710
81712
81714
81722
81724
81726
81728
81730
81732
81734
81736
81738
81748
81754
81760
81772
81778
81784
81793
81794
81795
81796
81797
81798
81799
81800
81801
81802
81803
81804
81805
81806
81807
81808
81809
81810
81843
81844
81849
81850
81855
81856
81890
81892
81894
81896
81898
81900
81902
81904
81906
81914
81916
81918
81920
81922
81924
81926
81928
81930
81940
81946
81952
81964
81970
81976
81987
81988
81989
81990
81993
81994
81995
81996
81999
82000
82001
82002
82035
82036
82041
82042
82047
82048
82084
82086
82090
82092
82096
82098
82108
82110
82114
82116
82120
82122
82132
82138
82144
82156
82162
82168
82177
82178
82179
82180
82181
82182
82183
82184
82185
82186
82187
82188
82203
82204
82205
82206
82209
82210
82211
82212
82228
82230
82234
82236
82240
82242
82246
82248
82252
82254
82258
82260
82264
82266
82270
82272
82274
82276
82278
82280
82282
82284
82286
82288
82290
82292
82294
82296
82300
82302
82306
82308
82312
82314
82318
82320
82323
82324
82325
82326
82329
82330
82331
82332
82347
82348
82349
82350
82353
82354
82355
82356
82371
82372
82373
82374
82377
82378
82379
82380
82395
82396
82397
82398
82401
82402
82403
82404
82420
82422
82426
82428
82432
82434
82438
82440
82444
82446
82450
82452
82456
82458
82462
82464
82465
82466
82467
82468
82469
82470
82471
82472
82473
82474
82475
82476
82491
82492
82493
82494
82497
82498
82499
82500
82514
82516
82518
82520
82522
82524
82526
82528
82530
82532
82534
82536
82540
82542
82546
82548
82552
82554
82558
82560
82561
82562
82563
82564
82565
82566
82567
82568
82569
82570
82571
82572
82587
82588
82589
82590
82593
82594
82595
82596
82610
82612
82614
82616
82618
82620
82622
82624
82626
82628
82630
82632
82636
82638
82642
82644
82648
82650
82654
82656
82659
82660
82661
82662
82665
82666
82667
82668
82683
82684
82685
82686
82689
82690
82691
82692
82708
82710
82714
82716
82720
82722
82726
82728
82732
82734
82738
82740
82744
82746
82750
82752
82753
82754
82755
82756
82757
82758
82759
82760
82761
82762
82763
82764
82771
82772
82773
82774
82775
82776
82783
82784
82785
82786
82787
82788
82795
82796
82797
82798
82799
82800
82875
82876
82877
82878
82881
82882
82883
82884
82893
82894
82895
82896
82905
82906
82907
82908
82917
82918
82919
82920
82996
82998
83002
83004
83014
83016
83026
83028
83038
83040
83056
83058
83062
83064
83074
83076
83086
83088
83098
83100
83116
83118
83122
83124
83134
83136
83146
83148
83158
83160
83176
83178
83182
83184
83194
83196
83206
83208
83218
83220
83240
83242
83244
83252
83254
83256
83264
83266
83268
83276
83278
83280
83288
83290
83292
83300
83302
83304
83312
83314
83316
83324
83326
83328
83336
83338
83340
83348
83350
83352
83362
83364
83374
83376
83386
83388
83398
83400
83410
83412
83422
83424
83434
83436
83446
83448
83458
83460
83470
83472
83481
83482
83483
83484
83493
83494
83495
83496
83505
83506
83507
83508
83517
83518
83519
83520
83529
83530
83531
83532
83601
83602
83603
83604
83613
83614
83615
83616
83625
83626
83627
83628
83637
83638
83639
83640
83649
83650
83651
83652
83715
83716
83717
83718
83721
83722
83723
83724
83733
83734
83735
83736
83745
83746
83747
83748
83757
83758
83759
83760
83835
83836
83837
83838
83841
83842
83843
83844
83853
83854
83855
83856
83865
83866
83867
83868
83877
83878
83879
83880
83956
83958
83962
83964
83974
83976
83986
83988
83998
84000
84016
84018
84022
84024
84034
84036
84046
84048
84058
84060
84076
84078
84082
84084
84094
84096
84106
84108
84118
84120
84136
84138
84142
84144
84154
84156
84166
84168
84178
84180
84193
84194
84195
84196
84197
84198
84199
84200
84201
84202
84203
84204
84211
84212
84213
84214
84215
84216
84223
84224
84225
84226
84227
84228
84235
84236
84237
84238
84239
84240
84315
84316
84317
84318
84321
84322
84323
84324
84333
84334
84335
84336
84345
84346
84347
84348
84357
84358
84359
84360
84434
84436
84438
84440
84442
84444
84452
84454
84456
84464
84466
84468
84476
84478
84480
84494
84496
84498
84500
84502
84504
84512
84514
84516
84524
84526
84528
84536
84538
84540
84556
84558
84562
84564
84574
84576
84586
84588
84598
84600
84616
84618
84622
84624
84634
84636
84646
84648
84658
84660
84673
84674
84675
84676
84677
84678
84679
84680
84681
84682
84683
84684
84691
84692
84693
84694
84695
84696
84703
84704
84705
84706
84707
84708
84715
84716
84717
84718
84719
84720
84795
84796
84797
84798
84801
84802
84803
84804
84813
84814
84815
84816
84825
84826
84827
84828
84837
84838
84839
84840
84914
84916
84918
84920
84922
84924
84932
84934
84936
84944
84946
84948
84956
84958
84960
84974
84976
84978
84980
84982
84984
84992
84994
84996
85004
85006
85008
85016
85018
85020
85036
85038
85042
85044
85054
85056
85066
85068
85078
85080
85096
85098
85102
85104
85114
85116
85126
85128
85138
85140
85155
85156
85157
85158
85161
85162
85163
85164
85173
85174
85175
85176
85185
85186
85187
85188
85197
85198
85199
85200
85275
85276
85277
85278
85281
85282
85283
85284
85293
85294
85295
85296
85305
85306
85307
85308
85317
85318
85319
85320
85396
85398
85402
85404
85414
85416
85426
85428
85438
85440
85456
85458
85462
85464
85474
85476
85486
85488
85498
85500
85516
85518
85522
85524
85534
85536
85546
85548
85558
85560
85576
85578
85582
85584
85594
85596
85606
85608
85618
85620
85639
85640
85641
85642
85643
85644
85689
85690
85691
85692
85736
85738
85740
85760
85762
85764
85786
85810
85831
85832
85833
85834
85835
85836
85881
85882
85883
85884
85930
85932
85954
85956
85978
85980
86002
86004
86023
86024
86025
86026
86027
86028
86073
86074
86120
86122
86124
86144
86146
86148
86170
86194
86211
86212
86213
86214
86217
86218
86219
86220
86259
86260
86261
86262
86265
86266
86267
86268
86308
86310
86314
86316
86332
86334
86338
86340
86356
86358
86362
86364
86380
86382
86386
86388
86403
86404
86405
86406
86407
86408
86409
86410
86411
86412
86451
86452
86457
86458
86500
86502
86504
86506
86508
86524
86526
86528
86530
86532
86548
86554
86572
86578
86599
86600
86601
86602
86603
86604
86649
86650
86696
86698
86700
86720
86722
86724
86746
86770
86787
86788
86789
86790
86793
86794
86795
86796
86835
86836
86841
86842
86843
86844
86884
86886
86890
86892
86908
86910
86914
86916
86932
86938
86940
86956
86962
86964
86979
86980
86981
86982
86983
86984
86985
86986
86987
86988
87027
87028
87033
87034
87076
87078
87080
87082
87084
87100
87102
87104
87106
87108
87124
87130
87148
87154
87175
87176
87177
87178
87179
87180
87225
87226
87272
87274
87276
87296
87298
87300
87322
87346
87369
87370
87371
87372
87417
87418
87466
87468
87490
87492
87514
87538
87553
87554
87555
87556
87557
87558
87559
87560
87561
87562
87563
87564
87581
87582
87583
87584
87602
87604
87606
87608
87610
87612
87614
87616
87618
87620
87622
87624
87630
87632
87642
87644
87654
87656
87658
87660
87666
87668
87670
87672
87678
87680
87690
87692
87701
87702
87703
87704
87705
87706
87707
87708
87725
87726
87727
87728
87750
87752
87754
87756
87762
87764
87766
87768
87774
87776
87786
87788
87797
87798
87799
87800
87801
87802
87803
87804
87821
87822
87823
87824
87845
87846
87847
87848
87849
87850
87851
87852
87869
87870
87871
87872
87894
87896
87898
87900
87906
87908
87910
87912
87918
87920
87930
87932
87939
87940
87943
87944
87947
87948
87951
87952
87955
87956
87959
87960
87963
87964
87967
87968
87971
87972
87975
87976
87979
87980
87983
87984
88063
88064
88075
88076
88087
88088
88099
88100
88180
88184
88188
88192
88196
88200
88204
88208
88212
88216
88220
88224
88240
88244
88248
88252
88256
88260
88264
88268
88272
88276
88280
88284
88304
88316
88328
88340
88364
88376
88388
88400
88424
88428
88436
88440
88448
88452
88460
88464
88484
88488
88496
88500
88508
88512
88520
88524
88544
88556
88568
88580
88604
88616
88628
88640
88663
88664
88667
88668
88675
88676
88679
88680
88687
88688
88691
88692
88699
88700
88703
88704
88783
88784
88795
88796
88807
88808
88819
88820
88904
88908
88916
88920
88928
88932
88940
88944
88964
88968
88976
88980
88988
88992
89000
89004
89024
89036
89048
89060
89084
89096
89108
89120
89143
89144
89147
89148
89155
89156
89159
89160
89167
89168
89171
89172
89179
89180
89183
89184
89251
89252
89263
89264
89275
89276
89287
89288
89359
89360
89363
89364
89371
89372
89375
89376
89383
89384
89387
89388
89395
89396
89399
89400
89467
89468
89479
89480
89491
89492
89503
89504
89576
89580
89588
89592
89600
89604
89612
89616
89636
89640
89648
89652
89660
89664
89672
89676
89696
89708
89720
89732
89756
89768
89780
89792
89809
89810
89811
89812
89813
89814
89815
89816
89817
89818
89819
89820
89821
89822
89823
89824
89825
89826
89851
89852
89853
89854
89855
89856
89857
89858
89859
89860
89861
89862
89882
89884
89886
89888
89890
89892
89894
89896
89898
89900
89902
89904
89906
89908
89910
89912
89914
89916
89924
89926
89928
89942
89944
89946
89953
89954
89955
89956
89957
89958
89959
89960
89961
89962
89963
89964
89965
89966
89967
89968
89969
89970
89995
89996
89997
89998
89999
90000
90026
90028
90030
90032
90034
90036
90038
90040
90042
90044
90046
90048
90050
90052
90054
90056
90058
90060
90068
90070
90072
90086
90088
90090
90099
90100
90101
90102
90105
90106
90107
90108
90111
90112
90113
90114
90141
90142
90143
90144
90147
90148
90149
90150
90172
90174
90178
90180
90184
90186
90190
90192
90196
90198
90202
90204
90214
90216
90232
90234
90243
90244
90245
90246
90249
90250
90251
90252
90255
90256
90257
90258
90285
90286
90287
90288
90316
90318
90322
90324
90328
90330
90334
90336
90340
90342
90346
90348
90358
90360
90376
90378
90385
90386
90387
90388
90391
90392
90393
90394
90397
90398
90399
90400
90427
90428
90429
90430
90433
90434
90435
90436
90464
90466
90470
90472
90482
90484
90488
90490
90500
90502
90506
90508
90518
90520
90524
90526
90531
90532
90533
90534
90537
90538
90539
90540
90543
90544
90545
90546
90573
90574
90575
90576
90604
90606
90610
90612
90616
90618
90622
90624
90628
90630
90634
90636
90646
90648
90664
90666
90673
90674
90675
90676
90679
90680
90681
90682
90685
90686
90687
90688
90715
90716
90717
90718
90721
90722
90723
90724
90752
90754
90758
90760
90770
90772
90776
90778
90788
90790
90794
90796
90806
90808
90812
90814
90819
90820
90821
90822
90825
90826
90827
90828
90831
90832
90833
90834
90861
90862
90863
90864
90892
90894
90898
90900
90904
90906
90910
90912
90916
90918
90922
90924
90934
90936
90952
90954
90963
90964
90965
90966
90969
90970
90971
90972
90975
90976
90977
90978
91005
91006
91007
91008
91011
91012
91013
91014
91036
91038
91042
91044
91048
91050
91054
91056
91060
91062
91066
91068
91078
91080
91084
91086
91096
91098
91102
91104
91107
91108
91113
91114
91119
91120
91149
91150
91155
91156
91180
91186
91192
91198
91204
91210
91222
91228
91240
91246
91255
91256
91257
91258
91259
91260
91261
91262
91263
91264
91265
91266
91291
91292
91293
91294
91295
91296
91297
91298
91299
91300
91301
91302
91329
91330
91331
91332
91335
91336
91337
91338
91365
91366
91367
91368
91371
91372
91400
91402
91404
91406
91408
91410
91418
91420
91422
91424
91426
91428
91436
91438
91440
91442
91444
91446
91454
91456
91458
91460
91462
91464
91474
91476
91480
91482
91492
91494
91498
91500
91510
91512
91516
91528
91530
91534
91546
91548
91552
91554
91564
91566
91570
91572
91582
91584
91600
91602
91618
91624
91636
91642
91654
91672
91689
91690
91691
91692
91695
91696
91697
91698
91725
91726
91727
91728
91761
91762
91767
91768
91797
91798
91832
91834
91838
91840
91850
91852
91856
91858
91868
91870
91886
91888
91903
91904
91905
91906
91909
91910
91911
91912
91939
91940
91941
91942
91976
91978
91982
91984
91994
91996
92000
92002
92012
92014
92030
92032
92047
92048
92049
92050
92053
92054
92055
92056
92083
92084
92085
92086
92121
92122
92123
92124
92127
92128
92129
92130
92157
92158
92159
92160
92163
92164
92165
92166
92194
92196
92200
92202
92212
92214
92218
92220
92230
92232
92236
92238
92248
92250
92254
92256
92265
92266
92267
92268
92271
92272
92273
92274
92301
92302
92303
92304
92307
92308
92338
92340
92344
92346
92356
92358
92362
92364
92374
92376
92380
92392
92394
92398
92407
92408
92409
92410
92413
92414
92415
92416
92443
92444
92445
92446
92480
92482
92486
92488
92498
92500
92504
92506
92516
92518
92534
92536
92551
92552
92553
92554
92557
92558
92559
92560
92587
92588
92589
92590
92624
92626
92630
92632
92642
92644
92648
92650
92660
92662
92678
92680
92696
92698
92702
92704
92714
92716
92720
92722
92732
92734
92750
92752
92767
92768
92769
92770
92773
92774
92775
92776
92803
92804
92805
92806
92840
92842
92846
92848
92858
92860
92864
92866
92876
92878
92894
92896
92913
92914
92919
92920
92949
92950
92985
92986
92987
92988
92991
92992
92993
92994
93021
93022
93027
93028
93058
93060
93064
93066
93076
93078
93082
93084
93094
93100
93112
93118
93129
93130
93131
93132
93165
93166
93202
93204
93220
93222
93238
93256
93272
93274
93278
93280
93290
93292
93296
93298
93308
93310
93326
93328
93343
93344
93345
93346
93349
93350
93351
93352
93379
93380
93381
93382
93416
93418
93422
93424
93434
93436
93440
93442
93452
93454
93470
93472
93489
93490
93495
93496
93525
93526
139547
139551
139554
139558
139561
139565
139568
139571
139574
139577
139580
139583
139757
139761
139764
139768
139771
139775
139778
139781
139783
139786
139788
139791
139961
139965
139968
139972
139975
139979
139982
139985
139987
139990
139992
139995
140165
140169
140172
140176
140179
140183
140186
140189
140191
140194
140196
140199
140369
140373
140376
140380
140383
140387
140390
140393
140395
140398
140400
140403
140573
140577
140580
140584
140587
140591
140594
140597
140599
140602
140604
140607
140802
140804
140806
140808
140810
140812
140814
140816
140818
140820
140822
140824
141006
141008
141010
141012
141014
141016
141018
141020
141022
141024
141026
141028
141210
141212
141214
141216
141218
141220
141222
141224
141226
141228
141230
141232
141414
141416
141418
141420
141422
141424
141426
141428
141430
141432
141434
141436
141618
141620
141622
141624
141626
141628
141630
141632
141634
141636
141638
141640
141822
141824
141826
141828
141830
141832
141834
141836
141838
141840
141842
141844
142001
142004
142007
142010
142013
142016
142019
142022
142025
142028
142031
142034
142205
142208
142211
142214
142217
142220
142223
142226
142229
142232
142235
142238
142409
142412
142415
142418
142421
142424
142427
142430
142433
142436
142439
142442
142613
142616
142619
142622
142625
142628
142631
142634
142637
142640
142643
142646
142842
142844
142846
142848
142850
142852
142854
142856
142858
142860
142862
142864
143046
143048
143050
143052
143054
143056
143058
143060
143062
143064
143066
143068
143250
143252
143254
143256
143258
143260
143262
143264
143266
143268
143270
143272
143433
143435
143437
143439
143441
143443
143445
143446
143448
143449
143451
143452
151615
151619
151622
151626
151629
151632
151635
151638
151886
151889
151891
151894
151896
151897
151899
151900
152022
152025
152027
152030
152032
152033
152035
152036
152158
152161
152163
152166
152168
152169
152171
152172
152294
152297
152299
152302
152304
152305
152307
152308
152430
152433
152435
152438
152440
152441
152443
152444
152549
152552
152555
152558
152561
152564
152567
152570
152685
152688
152691
152694
152697
152700
152703
152706
152821
152824
152827
152830
152833
152836
152839
152842
152957
152960
152963
152966
152969
152972
152975
152978
153093
153096
153099
153102
153105
153108
153111
153114
153229
153232
153235
153238
153241
153244
153247
153250
153365
153368
153371
153374
153377
153380
153383
153386
153501
153504
153507
153510
153513
153516
153519
153522
153637
153640
153643
153646
153649
153652
153655
153658
153773
153776
153779
153782
153785
153788
153791
153794
153926
153928
153930
153932
153934
153936
153938
153940
154062
154064
154066
154068
154070
154072
154074
154076
154198
154200
154202
154204
154206
154208
154210
154212
154320
154322
154324
154326
154328
154329
154331
154332
154333
154337
154340
154343
154393
154396
154399
154402
154495
154499
154502
154505
154565
154568
154570
154572
154647
154651
154654
154657
154701
154704
154707
154710
154781
154785
154788
154791
154827
154830
154833
154836
154883
154887
154890
154893
154894
154897
154900
154903
154906
154909
154912
154915
154920
154923
154926
154929
155179
155182
155185
155187
155245
155249
155252
155255
155279
155282
155285
155287
155345
155348
155351
155354
155413
155417
155420
155422
155423
155427
155430
155433
155437
155440
155443
155445
155446
155449
155452
155455
155798
155799
155802
155804
155805
155808
155810
155811
155814
155816
155818
155820
155822
155824
155826
155912
155913
155916
155918
155919
155922
155924
155925
155928
155930
155932
155934
156020
156021
156024
156026
156027
156030
156032
156033
156036
156038
156040
156042
156128
156129
156132
156134
156135
156138
156140
156141
156144
156146
156148
156150
156236
156237
156240
156242
156243
156246
156248
156249
156252
156254
156256
156258
156344
156345
156348
156350
156351
156354
156356
156357
156360
156362
156364
156366
156464
156465
156466
156467
156468
156469
156470
156471
156472
156473
156474
156475
156572
156573
156574
156575
156576
156577
156578
156579
156580
156581
156582
156583
156680
156681
156682
156683
156684
156685
156686
156687
156688
156689
156690
156691
156788
156789
156790
156791
156792
156793
156794
156795
156796
156797
156798
156799
156896
156897
156898
156899
156900
156901
156902
156903
156904
156905
156906
156907
157004
157005
157006
157007
157008
157009
157010
157011
157012
157013
157014
157015
157100
157102
157104
157106
157108
157110
157112
157114
157116
157118
157120
157122
157208
157210
157212
157214
157216
157218
157220
157222
157224
157226
157228
157230
157316
157318
157320
157322
157324
157326
157328
157330
157332
157334
157336
157338
157424
157426
157428
157430
157432
157434
157436
157438
157440
157442
157444
157446
157544
157545
157546
157547
157548
157549
157550
157551
157552
157553
157554
157555
157652
157653
157654
157655
157656
157657
157658
157659
157660
157661
157662
157663
157760
157761
157762
157763
157764
157765
157766
157767
157768
157769
157770
157771
157844
157845
157846
157847
157848
157849
157850
157851
157852
162175
162176
162178
162181
162182
162184
162186
162188
162190
162192
162327
162328
162329
162330
162331
162332
162333
162334
162399
162400
162401
162402
162403
162404
162405
162406
162471
162472
162473
162474
162475
162476
162477
162478
162543
162544
162545
162546
162547
162548
162549
162550
162615
162616
162617
162618
162619
162620
162621
162622
162679
162681
162683
162685
162687
162689
162691
162693
162751
162753
162755
162757
162759
162761
162763
162765
162823
162825
162827
162829
162831
162833
162835
162837
162895
162897
162899
162901
162903
162905
162907
162909
162967
162969
162971
162973
162975
162977
162979
162981
163039
163041
163043
163045
163047
163049
163051
163053
163111
163113
163115
163117
163119
163121
163123
163125
163183
163185
163187
163189
163191
163193
163195
163197
163255
163257
163259
163261
163263
163265
163267
163269
163327
163329
163331
163333
163335
163337
163339
163341
163407
163408
163409
163410
163411
163412
163413
163414
163479
163480
163481
163482
163483
163484
163485
163486
163551
163552
163553
163554
163555
163556
163557
163558
163607
163608
163609
163610
163611
163612
163613
163614
163615
163616
163625
163626
163627
163633
163634
163635
163641
163642
163646
163647
163648
163654
163655
163659
163660
163661
163667
163668
163672
163673
163676
163678
163679
163680
163686
163687
163688
163694
163695
163699
163700
163704
163705
163709
163710
163714
163715
163719
163720
163724
163726
164078
164079
164083
164084
164088
164089
164093
164094
164098
164099
164103
164104
164108
164109
164113
164114
164118
164119
164123
164124
164128
164129
164133
164134
164138
164139
164143
164144
164148
164149
164153
164154
164158
164159
164163
164164
164168
164169
164173
164174
164913
164914
164915
164916
164925
164926
164927
164933
164934
164935
164941
164942
164946
164947
164948
164954
164955
164959
164960
164961
164967
164968
164972
164973
164976
164978
164979
164980
164986
164987
164988
164994
164995
164999
165000
165004
165005
165009
165010
165014
165015
165019
165020
165024
165026
165468
165469
165470
165471
165476
165477
165478
165481
165482
165483
165486
165487
165489
165490
165491
165494
165495
165497
165498
165499
165502
165503
165505
165506
165507
165508
165509
165510
165513
165514
165515
165516
165518
165519
165520
165522
165523
165524
165526
165527
166092
166093
166094
166095
166103
166104
166105
166111
166112
166113
166118
166119
166124
166125
166126
166131
166132
166137
166138
166139
166144
166145
166149
166150
166152
166156
166157
166158
166164
166165
166166
166171
166172
166176
166177
166181
166182
166186
166187
166191
166192
166196
166197
166200
166202
166511
166512
166513
166519
166520
166521
166526
166527
166531
166532
166536
166537
166541
166542
166546
166547
166551
166552
166555
166557
166561
166562
166563
166569
166570
166571
166576
166577
166581
166582
166586
166587
166591
166592
166596
166597
166601
166602
166605
166607
167166
167167
167168
167173
167174
167179
167180
167181
167186
167187
167192
167193
167194
167199
167200
167205
167206
167207
167212
167213
167218
167219
167220
167225
167226
167230
167231
167235
167236
167240
167241
167245
167246
167250
167251
167255
167256
167260
167261
167265
167266
167270
167271
167275
167276
167526
167527
167528
167534
167535
167536
167541
167542
167546
167547
167551
167552
167556
167557
167561
167562
167566
167567
167570
167572
167576
167577
167578
167584
167585
167586
167591
167592
167596
167597
167601
167602
167606
167607
167611
167612
167616
167617
167620
167622
167958
167959
167960
167966
167967
167971
167972
167973
167979
167980
167984
167985
167986
167992
167993
167997
167998
167999
168005
168006
168010
168011
168012
168018
168019
168023
168024
168028
168029
168033
168034
168038
168039
168043
168044
168048
168049
168053
168054
168058
168059
168063
168064
168068
168069
168075
168076
168080
168081
168085
168086
168090
168091
168095
168096
168100
168101
168105
168106
168110
168111
168115
168116
168120
168121
168125
168126
168130
168131
168135
168136
168140
168141
168145
168146
168150
168151
168155
168156
168160
168161
168165
168166
168170
168171
168175
168176
168180
168181
168185
168186
168190
168191
168195
168196
168200
168201
168205
168206
168210
168211
168215
168216
168220
168221
168225
168226
168230
168231
168235
168236
168240
168241
168245
168246
168250
168251
168255
168256
168260
168261
168265
168266
168270
168271
168273
168274
168278
168279
168283
168284
168288
168289
168293
168294
168298
168299
168303
168304
168308
168309
168313
168314
168318
168319
168323
168324
168328
168329
168333
168334
168338
168339
168343
168344
168348
168349
168353
168354
168358
168359
168363
168364
168368
168369
170248
170249
170250
170256
170257
170258
170264
170265
170269
170270
170274
170275
170279
170280
170284
170285
170289
170290
170294
170296
170298
170299
170300
170306
170307
170310
170311
170315
170317
170318
170322
170324
170325
170329
170331
170733
170734
170735
170741
170742
170746
170747
170748
170754
170755
170759
170760
170761
170767
170768
170772
170773
170774
170780
170781
170785
170786
170787
170793
170794
170798
170799
170803
170805
170806
170810
170812
170813
170817
170819
170820
170824
170826
170827
170831
170975
170976
170980
170981
170985
170986
170990
170991
170995
170996
171000
171001
171005
171006
171010
171011
171015
171016
171020
171021
171025
171026
171029
171032
171033
171036
171039
171040
171043
171046
171047
171050
171053
171054
171057
171461
171462
171463
171469
171470
171471
171476
171477
171481
171482
171486
171487
171491
171492
171496
171497
171501
171502
171505
171507
171511
171512
171513
171518
171519
171522
171523
171526
171529
171530
171533
171536
171537
171540
171542
171926
171927
171928
171933
171934
171939
171940
171941
171946
171947
171952
171953
171954
171959
171960
171965
171966
171967
171972
171973
171978
171979
171980
171985
171986
171990
171991
171994
171997
171998
172001
172004
172005
172008
172011
172012
172015
172018
172019
172022
172023
172024
172025
172031
172032
172036
172037
172038
172044
172045
172049
172050
172051
172057
172058
172062
172063
172064
172070
172071
172075
172076
172077
172083
172084
172088
172089
172093
172095
172096
172100
172102
172103
172107
172109
172110
172114
172116
172117
172121
172123
172124
172125
172131
172132
172133
172139
172140
172144
172145
172149
172150
172154
172155
172159
172160
172164
172165
172169
172171
172173
172174
172175
172181
172182
172185
172186
172190
172192
172193
172197
172199
172200
172204
172206
172211
172212
172213
172219
172220
172221
172226
172227
172231
172232
172236
172237
172241
172242
172246
172247
172251
172252
172255
172257
172261
172262
172263
172268
172269
172272
172273
172276
172279
172280
172283
172286
172287
172290
172292
174013
174014
174015
174021
174022
174026
174027
174031
174032
174038
174039
174043
174044
174048
174049
174053
174054
174058
174059
174063
174064
174068
174069
174073
174074
174076
174077
174081
174082
174086
174087
174091
174092
174099
174100
174101
174106
174107
174111
174112
174116
174117
174119
174120
174121
174127
174128
174132
174133
174137
174138
174144
174145
174149
174150
174154
174155
174159
174160
174162
174163
174167
174168
174172
174173
174177
174178
174182
174183
174184
174190
174191
174195
174196
174200
174201
174208
174209
174210
174215
174216
174220
174221
174225
174226
174228
174229
174233
174234
174238
174239
174243
174244
174250
174251
174255
174256
174260
174261
174265
174266
175287
175288
175289
175295
175296
175300
175301
175305
175309
175310
175314
175315
175319
175320
175323
175327
175328
175329
175334
175335
175339
175340
175343
175344
175345
175346
175352
175353
175357
175358
175362
175364
175365
175369
175370
175374
175375
175379
175383
175384
175388
175389
175393
175394
175397
175400
175401
175405
175406
175410
175411
175414
175415
175416
175420
175421
175425
175426
175430
176093
176094
176095
176096
176105
176106
176107
176113
176114
176115
176121
176122
176126
176127
176128
176134
176135
176139
176140
176141
176147
176148
176152
176153
176154
176160
176161
176162
176168
176169
176173
176174
176178
176179
176183
176184
176188
176189
176193
176194
176201
176202
176203
176208
176209
176214
176215
176216
176221
176222
176227
176228
176229
176234
176235
176240
176241
176242
176247
176248
176252
176253
176257
176258
176262
176263
176267
176268
176272
176273
176277
176278
176282
176283
176287
176288
176290
176291
176292
176293
176302
176303
176304
176310
176311
176312
176318
176319
176323
176324
176325
176331
176332
176336
176337
176338
176344
176345
176349
176350
176351
176357
176358
176361
176362
176366
176368
176369
176373
176375
176376
176380
176385
176386
176387
176392
176393
176398
176399
176400
176405
176406
176411
176412
176413
176418
176419
176424
176425
176426
176431
176432
176436
176437
176440
176443
176444
176447
176450
176451
176454
176457
176458
176461
176462
176463
176464
176470
176471
176472
176478
176479
176483
176484
176488
176489
176493
176494
176498
176499
176503
176504
176508
176509
176510
176516
176517
176520
176521
176525
176527
176528
176532
176534
176535
176539
176543
176544
176548
176549
176553
176554
176558
176559
176563
176564
176568
176569
176573
176574
176578
176579
176583
176584
176587
176590
176591
176594
176597
176598
176601
176604
176605
176608
176609
176610
176611
176612
176621
176622
176623
176629
176630
176631
176637
176638
176642
176643
176644
176650
176651
176655
176656
176659
176661
176662
176663
176669
176670
176671
176677
176678
176682
176683
176687
176688
176692
176693
176697
176699
176705
176706
176707
176708
176716
176717
176718
176724
176725
176726
176731
176732
176737
176738
176739
176744
176745
176749
176750
176752
176756
176757
176758
176764
176765
176766
176771
176772
176776
176777
176781
176782
176786
176787
176790
176792
176793
176794
176795
176801
176802
176806
176807
176808
176814
176815
176819
176820
176821
176827
176828
176832
176833
176834
176840
176841
176848
176849
176850
176855
176856
176861
176862
176863
176868
176869
176874
176875
176876
176881
176882
176887
176888
176889
176894
176895
176897
176898
176902
176904
176905
176909
176911
176912
176916
176918
176919
176923
176927
176928
176931
176934
176935
176938
176941
176942
176945
176948
176949
176952
176953
176954
176955
176956
176964
176965
176966
176972
176973
176974
176980
176981
176985
176986
176987
176993
176994
176997
176998
177002
177004
177005
177006
177012
177013
177017
177018
177021
177023
177024
177028
177030
177036
177037
177038
177039
177046
177047
177048
177054
177055
177056
177061
177062
177067
177068
177069
177074
177075
177078
177079
177082
177086
177087
177088
177093
177094
177098
177099
177101
177104
177105
177108
177110
177111
177112
177113
177114
177123
177124
177125
177131
177132
177135
177137
177138
177139
177145
177146
177149
177155
177156
177157
177158
177166
177167
177168
177173
177174
177176
177180
177181
177182
177187
177188
177190
177191
177192
177193
177194
177203
177204
177205
177211
177212
177215
177217
177218
177219
177225
177226
177229
177235
177236
177237
177238
177246
177247
177248
177253
177254
177256
177260
177261
177262
177267
177268
177270
177273
177274
177278
177279
177283
177284
177288
177289
177293
177294
177298
177299
177303
177304
177308
177309
177311
177312
177316
177317
177321
177322
177326
177327
177331
177332
177336
177337
177341
177342
177346
177347
177353
177354
177358
177359
177363
177364
177368
177369
177373
177374
177378
177379
177383
177384
177388
177389
177390
177391
177395
177396
177400
177401
177405
177406
177410
177411
177415
177416
177420
177421
177425
177426
177432
177433
177434
177438
177442
177443
177444
177448
177452
177453
177454
177458
177461
177462
177463
177464
177465
177471
177473
177474
177475
177481
177483
177484
177485
177491
177493
177494
177500
177501
177502
177506
177510
177511
177512
177516
177520
177521
177522
177526
177529
177530
177531
177532
177533
177539
177541
177542
177543
177549
177551
177552
177553
177559
177561
177562
177568
177569
177570
177574
177578
177579
177580
177584
177588
177589
177590
177594
177597
177598
177599
177600
177601
177607
177609
177610
177611
177617
177619
177620
177621
177627
177629
177630
177636
177637
177638
177642
177646
177647
177648
177652
177656
177657
177658
177662
177665
177666
177667
177668
177672
177674
177675
177679
177681
177682
177686
177688
177690
177691
177695
177696
177700
177701
177705
177706
177710
177711
177715
177717
177718
177722
177726
177727
177731
177732
177736
177737
177741
177742
177746
177747
177750
177753
177754
177757
177758
177759
177760
177766
177767
177768
177774
177775
177779
177780
177784
177785
177786
177792
177793
177796
177797
177801
177805
177806
177810
177811
177815
177816
177820
177821
177825
177826
177829
177832
177833
177836
177839
177840
177844
177845
177849
177850
177854
177855
177859
177860
177863
177866
177867
177870
177871
177872
177876
177877
177881
177883
177885
177886
177890
177892
177894
177895
177899
177900
177904
177906
177908
177909
177913
177915
177919
177920
177924
177925
177928
177930
177933
177934
177937
177939
177943
177944
177945
177949
177953
177954
177955
177959
177963
177964
177965
177969
177972
177973
177974
177975
177976
177982
177984
177985
177986
177992
177994
177995
177996
178002
178004
178005
178010
178011
178014
178017
178018
178021
178024
178025
178028
178030
178031
178032
178036
178038
178039
178043
178045
178046
178050
178052
186237
186238
186239
186240
186241
186242
186243
186244
186245
186246
186247
186248
186249
186250
186251
186252
186253
186254
186255
186256
186257
186258
186259
186260
186261
186262
186263
186264
186265
186266
186267
186268
186269
186270
186271
186272
186273
186274
186275
186276
186277
186278
186279
186280
186281
186282
186283
186284
186285
186286
186287
186288
186289
186290
186291
186292
186293
186294
186295
186296
186297
186298
186299
186300
186301
186302
186303
186304
186305
186306
186307
186308
186309
186310
186311
186312
186313
186314
186315
186316
186317
186318
186319
186320
186321
186322
186323
186324
186325
186326
186327
186328
186329
186330
186331
186332
186333
186334
186335
186336
186337
186338
186339
186340
186341
186342
186343
186344
186345
186346
186347
186348
186349
186350
186351
186352
186353
186354
186355
186356
186357
186358
186359
186360
186361
186362
186363
186364
186365
186366
186367
186368
186369
186370
186371
186372
186373
186374
186375
186376
186377
186378
186379
186380
186381
186382
186383
186384
186385
186386
186387
186388
186389
186390
186391
186392
186393
186394
186395
186396
186397
186398
186399
186400
186401
186402
186403
186404
186405
186406
186407
186408
186409
186410
186411
186412
186413
186414
186415
186416
186417
186418
186419
186420
186421
186422
186423
186424
186425
186426
186427
186428
186429
186430
186431
186432
186433
186434
186435
186436
186437
186438
186439
186440
186441
186442
186443
186444
186445
186446
186447
186448
186449
186450
186451
186452
186453
186454
186455
186456
186457
186458
186459
186460
186461
186462
186463
186464
186465
186466
186467
186468
186469
186470
186471
186472
186473
186474
186475
186476
186477
186478
186479
186480
186481
186482
186483
186484
186485
186486
186487
186488
186489
186490
186491
186492
186493
186494
186495
186496
186497
186498
186499
186500
186501
186502
186503
186504
186505
186506
186507
186508
186509
186510
186511
186512
186513
186514
186515
186516
186517
186518
186519
186520
186521
186522
186523
186524
186525
186526
186527
186528
186529
186530
186531
186532
186533
186534
186535
186536
186537
186538
186539
186540
186541
186542
186543
186544
186545
186546
186547
186548
186549
186550
186551
186552
186553
186554
186555
186556
186557
186558
186559
186560
186561
186562
186563
186564
186565
186566
186567
186568
186569
186570
186571
186572
186573
186574
186575
186576
186577
186578
186579
186580
186581
186582
186583
186584
186585
186586
186587
186588
186589
186590
186591
186592
186593
186594
186595
186596
186597
186598
186599
186600
186601
186602
186603
186604
186605
186606
186607
186608
186609
186610
186611
186612
186613
186614
186615
186616
186617
186618
186619
186620
186621
186622
186623
186624
186625
186626
186627
186628
186629
186630
186631
186632
186633
186634
186635
186636
186637
186638
186639
186640
186641
186642
186643
186644
186645
186646
186647
186648
186649
186650
186651
186652
186653
186654
186655
186656
186657
186658
186659
186660
186661
186662
186663
186664
186665
186666
186667
186668
186669
186670
186671
186672
186673
186674
186675
186676
186677
186678
186679
186680
186681
186682
186683
186684
186685
186686
186687
186688
186689
186690
186691
186692
186693
186694
186695
186696
186697
186698
186699
186700
186701
186702
186703
186704
186705
186706
186707
186708
186709
186710
186711
186712
186713
186714
186715
186716
186717
186718
186719
186720
186721
186722
186723
186724
186725
186726
186727
186728
186729
186730
186731
186732
186733
186734
186735
186736
186737
186738
186739
186740
186741
186742
186743
186744
186745
186746
186747
186748
186749
186750
186751
186752
186753
186754
186755
186756
186757
186758
186759
186760
186761
186762
186763
186764
186765
186766
186767
186768
186769
186770
186771
186772
186773
186774
186775
186776
186777
186778
186779
186780
186781
186782
186783
186784
186785
186786
186787
186788
186789
186790
186791
186792
186793
186794
186795
186796
186797
186798
186799
186800
186801
186802
186803
186804
186805
186806
186807
186808
186809
186810
186811
186812
186813
186814
186815
186816
186817
186818
186819
186820
186821
186822
186823
186824
186825
186826
186827
186828
186829
186830
186831
186832
186833
186834
186835
186836
186837
186838
186839
186840
186841
186842
186843
186844
186845
186846
186847
186848
186849
186850
186851
186852
186853
186854
186855
186856
186857
186858
186859
186860
186861
186862
186863
186864
186865
186866
186867
186868
186869
186870
186871
186872
186873
186874
186875
186876
186877
186878
186879
186880
186881
186882
186883
186884
186885
186886
186887
186888
186889
186890
186891
186892
186893
186894
186895
186896
186897
186898
186899
186900
186901
186902
186903
186904
186905
186906
186907
186908
186909
186910
186911
186912
186913
186914
186915
186916
186917
186918
186919
186920
186921
186922
186923
186924
186925
186926
186927
186928
186929
186930
186931
186932
186933
186934
186935
186936
186937
186938
186939
186940
186941
186942
186943
186944
186945
186946
186947
186948
186949
186950
186951
186952
186953
186954
186955
186956
186957
186958
186959
186960
186961
186962
186963
186964
186965
186966
186967
186968
186969
186970
186971
186972
186973
186974
186975
186976
186977
186978
186979
186980
186981
186982
186983
186984
186985
186986
186987
186988
186989
186990
186991
186992
186993
186994
186995
186996
186997
186998
186999
187000
187001
187002
187003
187004
187005
187006
187007
187008
187009
187010
187011
187012
187013
187014
187015
187016
187017
187018
187019
187020
187021
187022
187023
187024
187025
187026
187027
187028
187029
187030
187031
187032
187033
187034
187035
187036
187037
187038
187039
187040
187041
187042
187043
187044
187045
187046
187047
187048
187049
187050
187051
187052
187053
187054
187055
187056
187057
187058
187059
187060
187061
187062
187063
187064
187065
187066
187067
187068
187069
187070
187071
187072
187073
187074
187075
187076
187077
187078
187079
187080
187081
187082
187083
187084
187085
187086
187087
187088
187089
187090
187091
187092
187093
187094
187095
187096
187097
187098
187099
187100
187101
187102
187103
187104
187105
187106
187107
187108
187109
187110
187111
187112
187113
187114
187115
187116
187117
187118
187119
187120
187121
187122
187123
187124
187125
187126
187127
187128
187129
187130
187131
187132
187133
187134
187135
187136
187137
187138
187139
187140
187141
187142
187143
187144
187145
187146
187147
187148
187149
187150
187151
187152
187153
187154
187155
187156
187157
187158
187159
187160
187161
187162
187163
187164
187165
187166
187167
187168
187169
187170
187171
187172
187173
187174
187175
187176
187177
187178
187179
187180
187181
187182
187183
187184
187185
187186
187187
187188
187189
187190
187191
187192
187193
187194
187195
187196
187197
187198
187199
187200
187201
187202
187203
187204
187205
187206
187207
187208
187209
187210
187211
187212
187213
187214
187215
187216
187217
187218
187219
187220
187221
187222
187223
187224
187225
187226
187227
187228
187229
187230
187231
187232
187233
187234
187235
187236
187237
187238
187239
187240
187241
187242
187243
187244
187245
187246
187247
187248
187249
187250
187251
187252
187253
187254
187255
187256
187257
187258
187259
187260
187261
187262
187263
187264
187265
187266
187267
187268
187269
187270
187271
187272
187273
187274
187275
187276
187277
187278
187279
187280
187281
187282
187283
187284
187285
187286
187287
187288
187289
187290
187291
187292
187293
187294
187295
187296
187297
187298
187299
187300
187301
187302
187303
187304
187305
187306
187307
187308
187309
187310
187311
187312
187313
187314
187315
187316
187317
187318
187319
187320
187321
187322
187323
187324
187325
187326
187327
187328
187329
187330
187331
187332
187333
187334
187335
187336
187337
187338
187339
187340
187341
187342
187343
187344
187345
187346
187347
187348
187349
187350
187351
187352
187353
187354
187355
187356
187357
187358
187359
187360
187361
187362
187363
187364
187365
187366
187367
187368
187369
187370
187371
187372
187373
187374
187375
187376
187377
187378
187379
187380
187381
187382
187383
187384
187385
187386
187387
187388
187389
187390
187391
187392
187393
187394
187395
187396
187397
187398
187399
187400
187401
187402
187403
187404
187405
187406
187407
187408
187409
187410
187411
187412
187413
187414
187415
187416
187417
187418
187419
187420
187421
187422
187423
187424
187425
187426
187427
187428
187429
187430
187431
187432
187433
187434
187435
187436
187437
187438
187439
187440
187441
187442
187443
187444
187445
187446
187447
187448
187449
187450
187451
187452
187453
187454
187455
187456
187457
187458
187459
187460
187461
187462
187463
187464
187465
187466
187467
187468
187469
187470
187471
187472
187473
187474
187475
187476
187477
187478
187479
187480
187481
187482
187483
187484
187485
187486
187487
187488
187489
187490
187491
187492
187493
187494
187495
187496
187497
187498
187499
187500
187501
187502
187503
187504
187505
187506
187507
187508
187509
187510
187511
187512
187513
187514
187515
187516
187517
187518
187519
187520
187521
187522
187523
187524
187525
187526
187527
187528
187529
187530
187531
187532
187533
187534
187535
187536
187537
187538
187539
187540
187541
187542
187543
187544
187545
187546
187547
187548
187549
187550
187551
187552
187553
187554
187555
187556
187557
187558
187559
187560
187561
187562
187563
187564
187565
187566
187567
187568
187569
187570
187571
187572
187573
187574
187575
187576
187577
187578
187579
187580
187581
187582
187583
187584
187585
187586
187587
187588
187589
187590
187591
187592
187593
187594
187595
187596
187597
187598
187599
187600
187601
187602
187603
187604
187605
187606
187607
187608
187609
187610
187611
187612
187613
187614
187615
187616
187617
187618
187619
187620
187621
187622
187623
187624
187625
187626
187627
187628
187629
187630
187631
187632
187633
187634
187635
187636
187637
187638
187639
187640
187641
187642
187643
187644
187645
187646
187647
187648
187649
187650
187651
187652
187653
187654
187655
187656
187657
187658
187659
187660
187661
187662
187663
187664
187665
187666
187667
187668
187669
187670
187671
187672
187673
187674
187675
187676
187677
187678
187679
187680
187681
187682
187683
187684
187685
187686
187687
187688
187689
187690
187691
187692
187693
187694
187695
187696
187697
187698
187699
187700
187701
187702
187703
187704
187705
187706
187707
187708
187709
187710
187711
187712
187713
187714
187715
187716
187717
187718
187719
187720
187721
187722
187723
187724
187725
187726
187727
187728
187729
187730
187731
187732
187733
187734
187735
187736
187737
187738
187739
187740
187741
187742
187743
187744
187745
187746
187747
187748
187749
187750
187751
187752
187753
187754
187755
187756
187757
187758
187759
187760
187761
187762
187763
187764
187765
187766
187767
187768
187769
187770
187771
187772
187773
187774
187775
187776
187777
187778
187779
187780
187781
187782
187783
187784
187785
187786
187787
187788
187789
187790
187791
187792
187793
187794
187795
187796
187797
187798
187799
187800
187801
187802
187803
187804
187805
187806
187807
187808
187809
187810
187811
187812
187813
187814
187815
187816
187817
187818
187819
187820
187821
187822
187823
187824
187825
187826
187827
187828
187829
187830
187831
187832
187833
187834
187835
187836
187837
187838
187839
187840
187841
187842
187843
187844
187845
187846
187847
187848
187849
187850
187851
187852
187853
187854
187855
187856
187857
187858
187859
187860
187861
187862
187863
187864
187865
187866
187867
187868
187869
187870
187871
187872
187873
187874
187875
187876
187877
187878
187879
187880
187881
187882
187883
187884
187885
187886
187887
187888
187889
187890
187891
187892
187893
187894
187895
187896
187897
187898
187899
187900
187901
187902
187903
187904
187905
187906
187907
187908
187909
187910
187911
187912
187913
187914
187915
187916
187917
187918
187919
187920
187921
187922
187923
187924
187925
187926
187927
187928
187929
187930
187931
187932
187933
187934
187935
187936
187937
187938
187939
187940
187941
187942
187943
187944
187945
187946
187947
187948
187949
187950
187951
187952
187953
187954
187955
187956
187957
187958
187959
187960
187961
187962
187963
187964
187965
187966
187967
187968
187969
187970
187971
187972
187973
187974
187975
187976
187977
187978
187979
187980
187981
187982
187983
187984
187985
187986
187987
187988
187989
187990
187991
187992
187993
187994
187995
187996
187997
187998
187999
188000
188001
188002
188003
188004
188005
188006
188007
188008
188009
188010
188011
188012
188013
188014
188015
188016
188017
188018
188019
188020
188021
188022
188023
188024
188025
188026
188027
188028
188029
188030
188031
188032
188033
188034
188035
188036
188037
188038
188039
188040
188041
188042
188043
188044
188045
188046
188047
188048
188049
188050
188051
188052
188053
188054
188055
188056
188057
188058
188059
188060
188061
188062
188063
188064
188065
188066
188067
188068
188069
188070
188071
188072
188073
188074
188075
188076
188077
188078
188079
188080
188081
188082
188083
188084
188085
188086
188087
188088
188089
188090
188091
188092
188093
188094
188095
188096
188097
188098
188099
188100
188101
188102
188103
188104
188105
188106
188107
188108
188109
188110
188111
188112
188113
188114
188115
188116
188117
188118
188119
188120
188121
188122
188123
188124
188125
188126
188127
188128
188129
188130
188131
188132
188133
188134
188135
188136
188137
188138
188139
188140
188141
188142
188143
188144
188145
188146
188147
188148
188149
188150
188151
188152
188153
188154
188155
188156
188157
188158
188159
188160
188161
188162
188163
188164
188165
188166
188167
188168
188169
188170
188171
188172
188173
188174
188175
188176
188177
188178
188179
188180
188181
188182
188183
188184
188185
188186
188187
188188
188189
188190
188191
188192
188193
188194
188195
188196
188197
188198
188199
188200
188201
188202
188203
188204
188205
188206
188207
188208
188209
188210
188211
188212
188213
188214
188215
188216
188217
188218
188219
188220
188221
188222
188223
188224
188225
188226
188227
188228
188229
188230
188231
188232
188233
188234
188235
188236
188237
188238
188239
188240
188241
188242
188243
188244
188245
188246
188247
188248
188249
188250
188251
188252
188253
188254
188255
188256
188257
188258
188259
188260
188261
188262
188263
188264
188265
188266
188267
188268
188269
188270
188271
188272
188273
188274
188275
188276
188277
188278
188279
188280
188281
188282
188283
188284
188285
188286
188287
188288
188289
188290
188291
188292
188293
188294
188295
188296
188297
188298
188299
188300
188301
188302
188303
188304
188305
188306
188307
188308
188309
188310
188311
188312
188313
188314
188315
188316
188317
188318
188319
188320
188321
188322
188323
188324
188325
188326
188327
188328
188329
188330
188331
188332
188333
188334
188335
188336
188337
188338
188339
188340
188341
188342
188343
188344
188345
188346
188347
188348
188349
188350
188351
188352
188353
188354
188355
188356
188357
188358
188359
188360
188361
188362
188363
188364
188365
188366
188367
188368
188369
188370
188371
188372
188373
188374
188375
188376
188377
188378
188379
188380
188381
188382
188383
188384
188385
188386
188387
188388
188389
188390
188391
188392
188393
188394
188395
188396
188397
188398
188399
188400
188401
188402
188403
188404
188405
188406
188407
188408
188409
188410
188411
188412
188413
188414
188415
188416
188417
188418
188419
188420
188421
188422
188423
188424
188425
188426
188427
188428
188429
188430
188431
188432
188433
188434
188435
188436
188437
188438
188439
188440
188441
188442
188443
188444
188445
188446
188447
188448
188449
188450
188451
188452
188453
188454
188455
188456
188457
188458
188459
188460
188461
188462
188463
188464
188465
188466
188467
188468
188469
188470
188471
188472
188473
188474
188475
188476
188477
188478
188479
188480
188481
188482
188483
188484
188485
188486
188487
188488
188489
188490
188491
188492
188493
188494
188495
188496
188497
188498
188499
188500
188501
188502
188503
188504
188505
188506
188507
188508
188509
188510
188511
188512
188513
188514
188515
188516
188517
188518
188519
188520
188521
188522
188523
188524
188525
188526
188527
188528
188529
188530
188531
188532
188533
188534
188535
188536
188537
188538
188539
188540
188541
188542
188543
188544
188545
188546
188547
188548
188549
188550
188551
188552
188553
188554
188555
188556
188557
188558
188559
188560
188561
188562
188563
188564
188565
188566
188567
188568
188569
188570
188571
188572
188573
188574
188575
188576
188577
188578
188579
188580
188581
188582
188583
188584
188585
188586
188587
188588
188589
188590
188591
188592
188593
188594
188595
188596
188597
188598
188599
188600
188601
188602
188603
188604
188605
188606
188607
188608
188609
188610
188611
188612
188613
188614
188615
188616
188617
188618
188619
188620
188621
188622
188623
188624
188625
188626
188627
188628
188629
188630
188631
188632
188633
188634
188635
188636
188637
188638
188639
188640
188641
188642
188643
188644
188645
188646
188647
188648
188649
188650
188651
188652
188653
188654
188655
188656
188657
188658
188659
188660
188661
188662
188663
188664
188665
188666
188667
188668
188669
188670
188671
188672
188673
188674
188675
188676
188677
188678
188679
188680
188681
188682
188683
188684
188685
188686
188687
188688
188689
188690
188691
188692
188693
188694
188695
188696
188697
188698
188699
188700
188701
188702
188703
188704
188705
188706
188707
188708
188709
188710
188711
188712
188713
188714
188715
188716
188717
188718
188719
188720
188721
188722
188723
188724
188725
188726
188727
188728
188729
188730
188731
188732
188733
188734
188735
188736
188737
188738
188739
188740
188741
188742
188743
188744
188745
188746
188747
188748
188749
188750
188751
188752
188753
188754
188755
188756
188757
188758
188759
188760
188761
188762
188763
188764
188765
188766
188767
188768
188769
188770
188771
188772
188773
188774
188775
188776
188777
188778
188779
188780
188781
188782
188783
188784
188785
188786
188787
188788
188789
188790
188791
188792
188793
188794
188795
188796
188797
188798
188799
188800
188801
188802
188803
188804
188805
188806
188807
188808
188809
188810
188811
188812
188813
188814
188815
188816
188817
188818
188819
188820
188821
188822
188823
188824
188825
188826
188827
188828
188829
188830
188831
188832
188833
188834
188835
188836
188837
188838
188839
188840
188841
188842
188843
188844
188845
188846
188847
188848
188849
188850
188851
188852
188853
188854
188855
188856
188857
188858
188859
188860
188861
188862
188863
188864
188865
188866
188867
188868
188869
188870
188871
188872
188873
188874
188875
188876
188877
188878
188879
188880
188881
188882
188883
188884
188885
188886
188887
188888
188889
188890
188891
188892
188893
188894
188895
188896
188897
188898
188899
188900
188901
188902
188903
188904
188905
188906
188907
188908
188909
188910
188911
188912
188913
188914
188915
188916
188917
188918
188919
188920
188921
188922
188923
188924
188925
188926
188927
188928
188929
188930
188931
188932
188933
188934
188935
188936
188937
188938
188939
188940
188941
188942
188943
188944
188945
188946
188947
188948
188949
188950
188951
188952
188953
188954
188955
188956
188957
188958
188959
188960
188961
188962
188963
188964
188965
188966
188967
188968
188969
188970
188971
188972
188973
188974
188975
188976
188977
188978
188979
188980
188981
188982
188983
188984
188985
188986
188987
188988
188989
188990
188991
188992
188993
188994
188995
188996
188997
188998
188999
189000
189001
189002
189003
189004
189005
189006
189007
189008
189009
189010
189011
189012
189013
189014
189015
189016
189017
189018
189019
189020
189021
189022
189023
189024
189025
189026
189027
189028
189029
189030
189031
189032
189033
189034
189035
189036
189037
189038
189039
189040
189041
189042
189043
189044
189045
189046
189047
189048
189049
189050
189051
189052
189053
189054
189055
189056
189057
189058
189059
189060
189061
189062
189063
189064
189065
189066
189067
189068
189069
189070
189071
189072
189073
189074
189075
189076
189077
189078
189079
189080
189081
189082
189083
189084
189085
189086
189087
189088
189089
189090
189091
189092
189093
189094
189095
189096
189097
189098
189099
189100
189101
189102
189103
189104
189105
189106
189107
189108
189109
189110
189111
189112
189113
189114
189115
189116
189117
189118
189119
189120
189121
189122
189123
189124
189125
189126
189127
189128
189129
189130
189131
189132
189133
189134
189135
189136
189137
189138
189139
189140
189141
189142
189143
189144
189145
189146
189147
189148
189149
189150
189151
189152
189153
189154
189155
189156
189157
189158
189159
189160
189161
189162
189163
189164
189165
189166
189167
189168
189169
189170
189171
189172
189173
189174
189175
189176
189177
189178
189179
189180
189181
189182
189183
189184
189185
189186
189187
189188
189189
189190
189191
189192
189193
189194
189195
189196
189197
189198
189199
189200
189201
189202
189203
189204
189205
189206
189207
189208
189209
189210
189211
189212
189213
189214
189215
189216
189217
189218
189219
189220
189221
189222
189223
189224
189225
189226
189227
189228
189229
189230
189231
189232
189233
189234
189235
189236
189237
189238
189239
189240
189241
189242
189243
189244
189245
189246
189247
189248
189249
189250
189251
189252
189253
189254
189255
189256
189257
189258
189259
189260
189261
189262
189263
189264
189265
189266
189267
189268
189269
189270
189271
189272
189273
189274
189275
189276
189277
189278
189279
189280
189281
189282
189283
189284
189285
189286
189287
189288
189289
189290
189291
189292
189293
189294
189295
189296
189297
189298
189299
189300
189301
189302
189303
189304
189305
189306
189307
189308
189309
189310
189311
189312
189313
189314
189315
189316
189317
189318
189319
189320
189321
189322
189323
189324
189325
189326
189327
189328
189329
189330
189331
189332
189333
189334
189335
189336
189337
189338
189339
189340
189341
189342
189343
189344
189345
189346
189347
189348
189349
189350
189351
189352
189353
189354
189355
189356
189357
189358
189359
189360
189361
189362
189363
189364
189365
189366
189367
189368
189369
189370
189371
189372
189373
189374
189375
189376
189377
189378
189379
189380
189381
189382
189383
189384
189385
189386
189387
189388
189389
189390
189391
189392
189393
189394
189395
189396
189397
189398
189399
189400
189401
189402
189403
189404
189405
189406
189407
189408
189409
189410
189411
189412
189413
189414
189415
189416
189417
189418
189419
189420
189421
189422
189423
189424
189425
189426
189427
189428
189429
189430
189431
189432
189433
189434
189435
189436
189437
189438
189439
189440
189441
189442
189443
189444
189445
189446
189447
189448
189449
189450
189451
189452
189453
189454
189455
189456
189457
189458
189459
189460
189461
189462
189463
189464
189465
189466
189467
189468
189469
189470
189471
189472
189473
189474
189475
189476
189477
189478
189479
189480
189481
189482
189483
189484
189485
189486
189487
189488
189489
189490
189491
189492
189493
189494
189495
189496
189497
189498
189499
189500
189501
189502
189503
189504
189505
189506
189507
189508
189509
189510
189511
189512
189513
189514
189515
189516
189517
189518
189519
189520
189521
189522
189523
189524
189525
189526
189527
189528
189529
189530
189531
189532
189533
189534
189535
189536
189537
189538
189539
189540
189541
189542
189543
189544
189545
189546
189547
189548
189549
189550
189551
189552
189553
189554
189555
189556
189557
189558
189559
189560
189561
189562
189563
189564
189565
189566
189567
189568
189569
189570
189571
189572
189573
189574
189575
189576
189577
189578
189579
189580
189581
189582
189583
189584
189585
189586
189587
189588
189589
189590
189591
189592
189593
189594
189595
189596
189597
189598
189599
189600
189601
189602
189603
189604
189605
189606
189607
189608
189609
189610
189611
189612
189613
189614
189615
189616
189617
189618
189619
189620
189621
189622
189623
189624
189625
189626
189627
189628
189629
189630
189631
189632
189633
189634
189635
189636
189637
189638
189639
189640
189641
189642
189643
189644
189645
189646
189647
189648
189649
189650
189651
189652
189653
189654
189655
189656
189657
189658
189659
189660
189661
189662
189663
189664
189665
189666
189667
189668
189669
189670
189671
189672
189673
189674
189675
189676
189677
189678
189679
189680
189681
189682
189683
189684
189685
189686
189687
189688
189689
189690
189691
189692
189693
189694
189695
189696
189697
189698
189699
189700
189701
189702
189703
189704
189705
189706
189707
189708
189709
189710
189711
189712
189713
189714
189715
189716
189717
189718
189719
189720
189721
189722
189723
189724
189725
189726
189727
189728
189729
189730
189731
189732
189733
189734
189735
189736
189737
189738
189739
189740
189741
189742
189743
189744
189745
189746
189747
189748
189749
189750
189751
189752
189753
189754
189755
189756
189757
189758
189759
189760
189761
189762
189763
189764
189765
189766
189767
189768
189769
189770
189771
189772
189773
189774
189775
189776
189777
189778
189779
189780
189781
189782
189783
189784
189785
189786
189787
189788
189789
189790
189791
189792
189793
189794
189795
189796
189797
189798
189799
189800
189801
189802
189803
189804
189805
189806
189807
189808
189809
189810
189811
189812
189813
189814
189815
189816
189817
189818
189819
189820
189821
189822
189823
189824
189825
189826
189827
189828
189829
189830
189831
189832
189833
189834
189835
189836
189837
189838
189839
189840
189841
189842
189843
189844
189845
189846
189847
189848
189849
189850
189851
189852
189853
189854
189855
189856
189857
189858
189859
189860
189861
189862
189863
189864
189865
189866
189867
189868
189869
189870
189871
189872
189873
189874
189875
189876
189877
189878
189879
189880
189881
189882
189883
189884
189885
189886
189887
189888
189889
189890
189891
189892
189893
189894
189895
189896
189897
189898
189899
189900
189901
189902
189903
189904
189905
189906
189907
189908
189909
189910
189911
189912
189913
189914
189915
189916
189917
189918
189919
189920
189921
189922
189923
189924
189925
189926
189927
189928
189929
189930
189931
189932
189933
189934
189935
189936
189937
189938
189939
189940
189941
189942
189943
189944
189945
189946
189947
189948
189949
189950
189951
189952
189953
189954
189955
189956
189957
189958
189959
189960
189961
189962
189963
189964
189965
189966
189967
189968
189969
189970
189971
189972
189973
189974
189975
189976
189977
189978
189979
189980
189981
189982
189983
189984
189985
189986
189987
189988
189989
189990
189991
189992
189993
189994
189995
189996
189997
189998
189999
190000
190001
190002
190003
190004
190005
190006
190007
190008
190009
190010
190011
190012
190013
190014
190015
190016
190017
190018
190019
190020
190021
190022
190023
190024
190025
190026
190027
190028
190029
190030
190031
190032
190033
190034
190035
190036
190037
190038
190039
190040
190041
190042
190043
190044
190045
190046
190047
190048
190049
190050
190051
190052
190053
190054
190055
190056
190057
190058
190059
190060
190061
190062
190063
190064
190065
190066
190067
190068
190069
190070
190071
190072
190073
190074
190075
190076
190077
190078
190079
190080
190081
190082
190083
190084
190085
190086
190087
190088
190089
190090
190091
190092
190093
190094
190095
190096
190097
190098
190099
190100
190101
190102
190103
190104
190105
190106
190107
190108
190109
190110
190111
190112
190113
190114
190115
190116
190117
190118
190119
190120
190121
190122
190123
190124
190125
190126
190127
190128
190129
190130
190131
190132
190133
190134
190135
190136
190137
190138
190139
190140
190141
190142
190143
190144
190145
190146
190147
190148
190149
190150
190151
190152
190153
190154
190155
190156
190157
190158
190159
190160
190161
190162
190163
190164
190165
190166
190167
190168
190169
190170
190171
190172
190173
190174
190175
190176
190177
190178
190179
190180
190181
190182
190183
190184
190185
190186
190187
190188
190189
190190
190191
190192
190193
190194
190195
190196
190197
190198
190199
190200
190201
190202
190203
190204
190205
190206
190207
190208
190209
190210
190211
190212
190213
190214
190215
190216
190217
190218
190219
190220
190221
190222
190223
190224
190225
190226
190227
190228
190229
190230
190231
190232
190233
190234
190235
190236
190237
190238
190239
190240
190241
190242
190243
190244
190245
190246
190247
190248
190249
190250
190251
190252
190253
190254
190255
190256
190257
190258
190259
190260
190261
190262
190263
190264
190265
190266
190267
190268
190269
190270
190271
190272
190273
190274
190275
190276
190277
190278
190279
190280
190281
190282
190283
190284
190285
190286
190287
190288
190289
190290
190291
190292
190293
190294
190295
190296
190297
190298
190299
190300
190301
190302
190303
190304
190305
190306
190307
190308
190309
190310
190311
190312
190313
190314
190315
190316
190317
190318
190319
190320
190321
190322
190323
190324
190325
190326
190327
190328
190329
190330
190331
190332
190333
190334
190335
190336
190337
190338
190339
190340
190341
190342
190343
190344
190345
190346
190347
190348
190349
190350
190351
190352
190353
190354
190355
190356
190357
190358
190359
190360
190361
190362
190363
190364
190365
190366
190367
190368
190369
190370
190371
190372
190373
190374
190375
190376
190377
190378
190379
190380
190381
190382
190383
190384
190385
190386
190387
190388
190389
190390
190391
190392
190393
190394
190395
190396
190397
190398
190399
190400
190401
190402
190403
190404
190405
190406
190407
190408
190409
190410
190411
190412
190413
190414
190415
190416
190417
190418
190419
190420
190421
190422
190423
190424
190425
190426
190427
190428
190429
190430
190431
190432
190433
190434
190435
190436
190437
190438
190439
190440
190441
190442
190443
190444
190445
190446
190447
190448
190449
190450
190451
190452
190453
190454
190455
190456
190457
190458
190459
190460
190461
190462
190463
190464
190465
190466
190467
190468
190469
190470
190471
190472
190473
190474
190475
190476
190477
190478
190479
190480
190481
190482
190483
190484
190485
190486
190487
190488
190489
190490
190491
190492
190493
190494
190495
190496
190497
190498
190499
190500
190501
190502
190503
190504
190505
190506
190507
190508
190509
190510
190511
190512
190513
190514
190515
190516
190517
190518
190519
190520
190521
190522
190523
190524
190525
190526
190527
190528
190529
190530
190531
190532
190533
190534
190535
190536
190537
190538
190539
190540
190541
190542
190543
190544
190545
190546
190547
190548
190549
190550
190551
190552
190553
190554
190555
190556
190557
190558
190559
190560
190561
190562
190563
190564
190565
190566
190567
190568
190569
190570
190571
190572
190573
190574
190575
190576
190577
190578
190579
190580
190581
190582
190583
190584
190585
190586
190587
190588
190589
190590
190591
190592
190593
190594
190595
190596
190597
190598
190599
190600
190601
190602
190603
190604
190605
190606
190607
190608
190609
190610
190611
190612
190613
190614
190615
190616
190617
190618
190619
190620
190621
190622
190623
190624
190625
190626
190627
190628
190629
190630
190631
190632
190633
190634
190635
190636
190637
190638
190639
190640
190641
190642
190643
190644
190645
190646
190647
190648
190649
190650
190651
190652
190653
190654
190655
190656
190657
190658
190659
190660
190661
190662
190663
190664
190665
190666
190667
190668
190669
190670
190671
190672
190673
190674
190675
190676
190677
190678
190679
190680
190681
190682
190683
190684
190685
190686
190687
190688
190689
190690
190691
190692
190693
190694
190695
190696
190697
190698
190699
190700
190701
190702
190703
190704
190705
190706
190707
190708
190709
190710
190711
190712
190713
190714
190715
190716
190717
190718
190719
190720
190721
190722
190723
190724
190725
190726
190727
190728
190729
190730
190731
190732
190733
190734
190735
190736
190737
190738
190739
190740
190741
190742
190743
190744
190745
190746
190747
190748
190749
190750
190751
190752
190753
190754
190755
190756
190757
190758
190759
190760
190761
190762
190763
190764
190765
190766
190767
190768
190769
190770
190771
190772
190773
190774
190775
190776
190777
190778
190779
190780
190781
190782
190783
190784
190785
190786
190787
190788
190789
190790
190791
190792
190793
190794
190795
190796
190797
190798
190799
190800
190801
190802
190803
190804
190805
190806
190807
190808
190809
190810
190811
190812
190813
190814
190815
190816
190817
190818
190819
190820
190821
190822
190823
190824
190825
190826
190827
190828
190829
190830
190831
190832
190833
190834
190835
190836
190837
190838
190839
190840
190841
190842
190843
190844
190845
190846
190847
190848
190849
190850
190851
190852
190853
190854
190855
190856
190857
190858
190859
190860
190861
190862
190863
190864
190865
190866
190867
190868
190869
190870
190871
190872
190873
190874
190875
190876
190877
190878
190879
190880
190881
190882
190883
190884
190885
190886
190887
190888
190889
190890
190891
190892
190893
190894
190895
190896
190897
190898
190899
190900
190901
190902
190903
190904
190905
190906
190907
190908
190909
190910
190911
190912
190913
190914
190915
190916
190917
190918
190919
190920
190921
190922
190923
190924
190925
190926
190927
190928
190929
190930
190931
190932
190933
190934
190935
190936
190937
190938
190939
190940
190941
190942
190943
190944
190945
190946
190947
190948
190949
190950
190951
190952
190953
190954
190955
190956
190957
190958
190959
190960
190961
190962
190963
190964
190965
190966
190967
190968
190969
190970
190971
190972
190973
190974
190975
190976
190977
190978
190979
190980
190981
190982
190983
190984
190985
190986
190987
190988
190989
190990
190991
190992
190993
190994
190995
190996
190997
190998
190999
191000
191001
191002
191003
191004
191005
191006
191007
191008
191009
191010
191011
191012
191013
191014
191015
191016
191017
191018
191019
191020
191021
191022
191023
191024
191025
191026
191027
191028
191029
191030
191031
191032
191033
191034
191035
191036
191037
191038
191039
191040
191041
191042
191043
191044
191045
191046
191047
191048
191049
191050
191051
191052
191053
191054
191055
191056
191057
191058
191059
191060
191061
191062
191063
191064
191065
191066
191067
191068
191069
191070
191071
191072
191073
191074
191075
191076
191077
191078
191079
191080
191081
191082
191083
191084
191085
191086
191087
191088
191089
191090
191091
191092
191093
191094
191095
191096
191097
191098
191099
191100
191101
191102
191103
191104
191105
191106
191107
191108
191109
191110
191111
191112
191113
191114
191115
191116
191117
191118
191119
191120
191121
191122
191123
191124
191125
191126
191127
191128
191129
191130
191131
191132
191133
191134
191135
191136
191137
191138
191139
191140
191141
191142
191143
191144
191145
191146
191147
191148
191149
191150
191151
191152
191153
191154
191155
191156
191157
191158
191159
191160
191161
191162
191163
191164
191165
191166
191167
191168
191169
191170
191171
191172
191173
191174
191175
191176
191177
191178
191179
191180
191181
191182
191183
191184
191185
191186
191187
191188
191189
191190
191191
191192
191193
191194
191195
191196
191197
191198
191199
191200
191201
191202
191203
191204
191205
191206
191207
191208
191209
191210
191211
191212
191213
191214
191215
191216
191217
191218
191219
191220
191221
191222
191223
191224
191225
191226
191227
191228
191229
191230
191231
191232
191233
191234
191235
191236
191237
191238
191239
191240
191241
191242
191243
191244
191245
191246
191247
191248
191249
191250
191251
191252
191253
191254
191255
191256
191257
191258
191259
191260
191261
191262
191263
191264
191265
191266
191267
191268
191269
191270
191271
191272
191273
191274
191275
191276
191277
191278
191279
191280
191281
191282
191283
191284
191285
191286
191287
191288
191289
191290
191291
191292
191293
191294
191295
191296
191297
191298
191299
191300
191301
191302
191303
191304
191305
191306
191307
191308
191309
191310
191311
191312
191313
191314
191315
191316
191317
191318
191319
191320
191321
191322
191323
191324
191325
191326
191327
191328
191329
191330
191331
191332
191333
191334
191335
191336
191337
191338
191339
191340
191341
191342
191343
191344
191345
191346
191347
191348
191349
191350
191351
191352
191353
191354
191355
191356
191357
191358
191359
191360
191361
191362
191363
191364
191365
191366
191367
191368
191369
191370
191371
191372
191373
191374
191375
191376
191377
191378
191379
191380
191381
191382
191383
191384
191385
191386
191387
191388
191389
191390
191391
191392
191393
191394
191395
191396
191397
191398
191399
191400
191401
191402
191403
191404
191405
191406
191407
191408
191409
191410
191411
191412
191413
191414
191415
191416
191417
191418
191419
191420
191421
191422
191423
191424
191425
191426
191427
191428
191429
191430
191431
191432
191433
191434
191435
191436
191437
191438
191439
191440
191441
191442
191443
191444
191445
191446
191447
191448
191449
191450
191451
191452
191453
191454
191455
191456
191457
191458
191459
191460
191461
191462
191463
191464
191465
191466
191467
191468
191469
191470
191471
191472
191473
191474
191475
191476
191477
191478
191479
191480
191481
191482
191483
191484
191485
191486
191487
191488
191489
191490
191491
191492
191493
191494
191495
191496
191497
191498
191499
191500
191501
191502
191503
191504
191505
191506
191507
191508
191509
191510
191511
191512
191513
191514
191515
191516
191517
191518
191519
191520
191521
191522
191523
191524
191525
191526
191527
191528
191529
191530
191531
191532
191533
191534
191535
191536
191537
191538
191539
191540
191541
191542
191543
191544
191545
191546
191547
191548
191549
191550
191551
191552
191553
191554
191555
191556
191557
191558
191559
191560
191561
191562
191563
191564
191565
191566
191567
191568
191569
191570
191571
191572
191573
191574
191575
191576
191577
191578
191579
191580
191581
191582
191583
191584
191585
191586
191587
191588
191589
191590
191591
191592
191593
191594
191595
191596
191597
191598
191599
191600
191601
191602
191603
191604
191605
191606
191607
191608
191609
191610
191611
191612
191613
191614
191615
191616
191617
191618
191619
191620
191621
191622
191623
191624
191625
191626
191627
191628
191629
191630
191631
191632
191633
191634
191635
191636
191637
191638
191639
191640
191641
191642
191643
191644
191645
191646
191647
191648
191649
191650
191651
191652
191653
191654
191655
191656
191657
191658
191659
191660
191661
191662
191663
191664
191665
191666
191667
191668
191669
191670
191671
191672
191673
191674
191675
191676
191677
191678
191679
191680
191681
191682
191683
191684
191685
191686
191687
191688
191689
191690
191691
191692
191693
191694
191695
191696
191697
191698
191699
191700
191701
191702
191703
191704
191705
191706
191707
191708
191709
191710
191711
191712
191713
191714
191715
191716
191717
191718
191719
191720
191721
191722
191723
191724
191725
191726
191727
191728
191729
191730
191731
191732
191733
191734
191735
191736
191737
191738
191739
191740
191741
191742
191743
191744
191745
191746
191747
191748
191749
191750
191751
191752
191753
191754
191755
191756
191757
191758
191759
191760
191761
191762
191763
191764
191765
191766
191767
191768
191769
191770
191771
191772
191773
191774
191775
191776
191777
191778
191779
191780
191781
191782
191783
191784
191785
191786
191787
191788
191789
191790
191791
191792
191793
191794
191795
191796
191797
191798
191799
191800
191801
191802
191803
191804
191805
191806
191807
191808
191809
191810
191811
191812
191813
191814
191815
191816
191817
191818
191819
191820
191821
191822
191823
191824
191825
191826
191827
191828
191829
191830
191831
191832
191833
191834
191835
191836
191837
191838
191839
191840
191841
191842
191843
191844
191845
191846
191847
191848
191849
191850
191851
191852
191853
191854
191855
191856
191857
191858
191859
191860
191861
191862
191863
191864
191865
191866
191867
191868
191869
191870
191871
191872
191873
191874
191875
191876
191877
191878
191879
191880
191881
191882
191883
191884
191885
191886
191887
191888
191889
191890
191891
191892
191893
191894
191895
191896
191897
191898
191899
191900
191901
191902
191903
191904
191905
191906
191907
191908
191909
191910
191911
191912
191913
191914
191915
191916
191917
191918
191919
191920
191921
191922
191923
191924
191925
191926
191927
191928
191929
191930
191931
191932
191933
191934
191935
191936
191937
191938
191939
191940
191941
191942
191943
191944
191945
191946
191947
191948
191949
191950
191951
191952
191953
191954
191955
191956
191957
191958
191959
191960
191961
191962
191963
191964
191965
191966
191967
191968
191969
191970
191971
191972
191973
191974
191975
191976
191977
191978
191979
191980
191981
191982
191983
191984
191985
191986
191987
191988
191989
191990
191991
191992
191993
191994
191995
191996
191997
191998
191999
192000
192001
192002
192003
192004
192005
192006
192007
192008
192009
192010
192011
192012
192013
192014
192015
192016
192017
192018
192019
192020
192021
192022
192023
192024
192025
192026
192027
192028
192029
192030
192031
192032
192033
192034
192035
192036
192037
192038
192039
192040
192041
192042
192043
192044
192045
192046
192047
192048
192049
192050
192051
192052
192053
192054
192055
192056
192057
192058
192059
192060
192061
192062
192063
192064
192065
192066
192067
192068
192069
192070
192071
192072
192073
192074
192075
192076
192077
192078
192079
192080
192081
192082
192083
192084
192085
192086
192087
192088
192089
192090
192091
192092
192093
192094
192095
192096
192097
192098
192099
192100
192101
192102
192103
192104
192105
192106
192107
192108
192109
192110
192111
192112
192113
192114
192115
192116
192117
192118
192119
192120
192121
192122
192123
192124
192125
192126
192127
192128
192129
192130
192131
192132
192133
192134
192135
192136
192137
192138
192139
192140
192141
192142
192143
192144
192145
192146
192147
192148
192149
192150
192151
192152
192153
192154
192155
192156
192157
192158
192159
192160
192161
192162
192163
192164
192165
192166
192167
192168
192169
192170
192171
192172
192173
192174
192175
192176
192177
192178
192179
192180
192181
192182
192183
192184
192185
192186
192187
192188
192189
192190
192191
192192
192193
192194
192195
192196
192197
192198
192199
192200
192201
192202
192203
192204
192205
192206
192207
192208
192209
192210
192211
192212
192213
192214
192215
192216
192217
192218
192219
192220
192221
192222
192223
192224
192225
192226
192227
192228
192229
192230
192231
192232
192233
192234
192235
192236
192237
192238
192239
192240
192241
192242
192243
192244
192245
192246
192247
192248
192249
192250
192251
192252
192253
192254
192255
192256
192257
192258
192259
192260
192261
192262
192263
192264
192265
192266
192267
192268
192269
192270
192271
192272
192273
192274
192275
192276
192277
192278
192279
192280
192281
192282
192283
192284
192285
192286
192287
192288
192289
192290
192291
192292
192293
192294
192295
192296
192297
192298
192299
192300
192301
192302
192303
192304
192305
192306
192307
192308
192309
192310
192311
192312
192313
192314
192315
192316
192317
192318
192319
192320
192321
192322
192323
192324
192325
192326
192327
192328
192329
192330
192331
192332
192333
192334
192335
192336
192337
192338
192339
192340
192341
192342
192343
192344
192345
192346
192347
192348
192349
192350
192351
192352
192353
192354
192355
192356
192357
192358
192359
192360
192361
192362
192363
192364
192365
192366
192367
192368
192369
192370
192371
192372
192373
192374
192375
192376
192377
192378
192379
192380
192381
192382
192383
192384
192385
192386
192387
192388
192389
192390
192391
192392
192393
192394
192395
192396
192397
192398
192399
192400
192401
192402
192403
192404
192405
192406
192407
192408
192409
192410
192411
192412
192413
192414
192415
192416
192417
192418
192419
192420
192421
192422
192423
192424
192425
192426
192427
192428
192429
192430
192431
192432
192433
192434
192435
192436
192437
192438
192439
192440
192441
192442
192443
192444
192445
192446
192447
192448
192449
192450
192451
192452
192453
192454
192455
192456
192457
192458
192459
192460
192461
192462
192463
192464
192465
192466
192467
192468
192469
192470
192471
192472
192473
192474
192475
192476
192477
192478
192479
192480
192481
192482
192483
192484
192485
192486
192487
192488
192489
192490
192491
192492
192493
192494
192495
192496
192497
192498
192499
192500
192501
192502
192503
192504
192505
192506
192507
192508
192509
192510
192511
192512
192513
192514
192515
192516
192517
192518
192519
192520
192521
192522
192523
192524
192525
192526
192527
192528
192529
192530
192531
192532
192533
192534
192535
192536
192537
192538
192539
192540
192541
192542
192543
192544
192545
192546
192547
192548
192549
192550
192551
192552
192553
192554
192555
192556
192557
192558
192559
192560
192561
192562
192563
192564
192565
192566
192567
192568
192569
192570
192571
192572
192573
192574
192575
192576
192577
192578
192579
192580
192581
192582
192583
192584
192585
192586
192587
192588
192589
192590
192591
192592
192593
192594
192595
192596
192597
192598
192599
192600
192601
192602
192603
192604
192605
192606
192607
192608
192609
192610
192611
192612
192613
192614
192615
192616
192617
192618
192619
192620
192621
192622
192623
192624
192625
192626
192627
192628
192629
192630
192631
192632
192633
192634
192635
192636
192637
192638
192639
192640
192641
192642
192643
192644
192645
192646
192647
192648
192649
192650
192651
192652
192653
192654
192655
192656
192657
192658
192659
192660
192661
192662
192663
192664
192665
192666
192667
192668
192669
192670
192671
192672
192673
192674
192675
192676
192677
192678
192679
192680
192681
192682
192683
192684
192685
192686
192687
192688
192689
192690
192691
192692
192693
192694
192695
192696
192697
192698
192699
192700
192701
192702
192703
192704
192705
192706
192707
192708
192709
192710
192711
192712
192713
192714
192715
192716
192717
192718
192719
192720
192721
192722
192723
192724
192725
192726
192727
192728
192729
192730
192731
192732
192733
192734
192735
192736
192737
192738
192739
192740
192741
192742
192743
192744
192745
192746
192747
192748
192749
192750
192751
192752
192753
192754
192755
192756
192757
192758
192759
192760
192761
192762
192763
192764
192765
192766
192767
192768
192769
192770
192771
192772
192773
192774
192775
192776
192777
192778
192779
192780
192781
192782
192783
192784
192785
192786
192787
192788
192789
192790
192791
192792
192793
192794
192795
192796
192797
192798
192799
192800
192801
192802
192803
192804
192805
192806
192807
192808
192809
192810
192811
192812
192813
192814
192815
192816
192817
192818
192819
192820
192821
192822
192823
192824
192825
192826
192827
192828
192829
192830
192831
192832
192833
192834
192835
192836
192837
192838
192839
192840
192841
192842
192843
192844
192845
192846
192847
192848
192849
192850
192851
192852
192853
192854
192855
192856
192857
192858
192859
192860
192861
192862
192863
192864
192865
192866
192867
192868
192869
192870
192871
192872
192873
192874
192875
192876
192877
192878
192879
192880
192881
192882
192883
192884
192885
192886
192887
192888
192889
192890
192891
192892
192893
192894
192895
192896
192897
192898
192899
192900
192901
192902
192903
192904
192905
192906
192907
192908
192909
192910
192911
192912
192913
192914
192915
192916
192917
192918
192919
192920
192921
192922
192923
192924
192925
192926
192927
192928
192929
192930
192931
192932
192933
192934
192935
192936
192937
192938
192939
192940
192941
192942
192943
192944
192945
192946
192947
192948
192949
192950
192951
192952
192953
192954
192955
192956
192957
192958
192959
192960
192961
192962
192963
192964
192965
192966
192967
192968
192969
192970
192971
192972
192973
192974
192975
192976
192977
192978
192979
192980
192981
192982
192983
192984
192985
192986
192987
192988
192989
192990
192991
192992
192993
192994
192995
192996
192997
192998
192999
193000
193001
193002
193003
193004
193005
193006
193007
193008
193009
193010
193011
193012
193013
193014
193015
193016
193017
193018
193019
193020
193021
193022
193023
193024
193025
193026
193027
193028
193029
193030
193031
193032
193033
193034
193035
193036
193037
193038
193039
193040
193041
193042
193043
193044
193045
193046
193047
193048
193049
193050
193051
193052
193053
193054
193055
193056
193057
193058
193059
193060
193061
193062
193063
193064
193065
193066
193067
193068
193069
193070
193071
193072
193073
193074
193075
193076
193077
193078
193079
193080
193081
193082
193083
193084
193085
193086
193087
193088
193089
193090
193091
193092
193093
193094
193095
193096
193097
193098
193099
193100
193101
193102
193103
193104
193105
193106
193107
193108
193109
193110
193111
193112
193113
193114
193115
193116
193117
193118
193119
193120
193121
193122
193123
193124
193125
193126
193127
193128
193129
193130
193131
193132
193133
193134
193135
193136
193137
193138
193139
193140
193141
193142
193143
193144
193145
193146
193147
193148
193149
193150
193151
193152
193153
193154
193155
193156
193157
193158
193159
193160
193161
193162
193163
193164
193165
193166
193167
193168
193169
193170
193171
193172
193173
193174
193175
193176
193177
193178
193179
193180
193181
193182
193183
193184
193185
193186
193187
193188
193189
193190
193191
193192
193193
193194
193195
193196
193197
193198
193199
193200
193201
193202
193203
193204
193205
193206
193207
193208
193209
193210
193211
193212
193213
193214
193215
193216
193217
193218
193219
193220
193221
193222
193223
193224
193225
193226
193227
193228
193229
193230
193231
193232
193233
193234
193235
193236
193237
193238
193239
193240
193241
193242
193243
193244
193245
193246
193247
193248
193249
193250
193251
193252
193253
193254
193255
193256
193257
193258
193259
193260
193261
193262
193263
193264
193265
193266
193267
193268
193269
193270
193271
193272
193273
193274
193275
193276
193277
193278
193279
193280
193281
193282
193283
193284
193285
193286
193287
193288
193289
193290
193291
193292
193293
193294
193295
193296
193297
193298
193299
193300
193301
193302
193303
193304
193305
193306
193307
193308
193309
193310
193311
193312
193313
193314
193315
193316
193317
193318
193319
193320
193321
193322
193323
193324
193325
193326
193327
193328
193329
193330
193331
193332
193333
193334
193335
193336
193337
193338
193339
193340
193341
193342
193343
193344
193345
193346
193347
193348
193349
193350
193351
193352
193353
193354
193355
193356
193357
193358
193359
193360
193361
193362
193363
193364
193365
193366
193367
193368
193369
193370
193371
193372
193373
193374
193375
193376
193377
193378
193379
193380
193381
193382
193383
193384
193385
193386
193387
193388
193389
193390
193391
193392
193393
193394
193395
193396
193397
193398
193399
193400
193401
193402
193403
193404
193405
193406
193407
193408
193409
193410
193411
193412
193413
193414
193415
193416
193417
193418
193419
193420
193421
193422
193423
193424
193425
193426
193427
193428
193429
193430
193431
193432
193433
193434
193435
193436
193437
193438
193439
193440
193441
193442
193443
193444
193445
193446
193447
193448
193449
193450
193451
193452
193453
193454
193455
193456
193457
193458
193459
193460
193461
193462
193463
193464
193465
193466
193467
193468
193469
193470
193471
193472
193473
193474
193475
193476
193477
193478
193479
193480
193481
193482
193483
193484
193485
193486
193487
193488
193489
193490
193491
193492
193493
193494
193495
193496
193497
193498
193499
193500
193501
193502
193503
193504
193505
193506
193507
193508
193509
193510
193511
193512
193513
193514
193515
193516
193517
193518
193519
193520
193521
193522
193523
193524
193525
193526
193527
193528
193529
193530
193531
193532
193533
193534
193535
193536
193537
193538
193539
193540
193541
193542
193543
193544
193545
193546
193547
193548
193549
193550
193551
193552
193553
193554
193555
193556
193557
193558
193559
193560
193561
193562
193563
193564
193565
193566
193567
193568
193569
193570
193571
193572
193573
193574
193575
193576
193577
193578
193579
193580
193581
193582
193583
193584
193585
193586
193587
193588
193589
193590
193591
193592
193593
193594
193595
193596
193597
193598
193599
193600
193601
193602
193603
193604
193605
193606
193607
193608
193609
193610
193611
193612
193613
193614
193615
193616
193617
193618
193619
193620
193621
193622
193623
193624
193625
193626
193627
193628
193629
193630
193631
193632
193633
193634
193635
193636
193637
193638
193639
193640
193641
193642
193643
193644
193645
193646
193647
193648
193649
193650
193651
193652
193653
193654
193655
193656
193657
193658
193659
193660
193661
193662
193663
193664
193665
193666
193667
193668
193669
193670
193671
193672
193673
193674
193675
193676
193677
193678
193679
193680
193681
193682
193683
193684
193685
193686
193687
193688
193689
193690
193691
193692
193693
193694
193695
193696
193697
193698
193699
193700
193701
193702
193703
193704
193705
193706
193707
193708
193709
193710
193711
193712
193713
193714
193715
193716
193717
193718
193719
193720
193721
193722
193723
193724
193725
193726
193727
193728
193729
193730
193731
193732
193733
193734
193735
193736
193737
193738
193739
193740
193741
193742
193743
193744
193745
193746
193747
193748
193749
193750
193751
193752
193753
193754
193755
193756
193757
193758
193759
193760
193761
193762
193763
193764
193765
193766
193767
193768
193769
193770
193771
193772
193773
193774
193775
193776
193777
193778
193779
193780
193781
193782
193783
193784
193785
193786
193787
193788
193789
193790
193791
193792
193793
193794
193795
193796
193797
193798
193799
193800
193801
193802
193803
193804
193805
193806
193807
193808
193809
193810
193811
193812
193813
193814
193815
193816
193817
193818
193819
193820
193821
193822
193823
193824
193825
193826
193827
193828
193829
193830
193831
193832
193833
193834
193835
193836
193837
193838
193839
193840
193841
193842
193843
193844
193845
193846
193847
193848
193849
193850
193851
193852
193853
193854
