74
76
78
80
82
84
92
94
96
104
106
108
112
114
118
120
130
132
142
144
433
435
437
439
441
443
451
453
455
463
465
467
471
473
477
479
489
491
501
503
650
652
654
656
658
660
668
670
672
680
682
684
688
694
706
718
1009
1011
1013
1015
1017
1019
1027
1029
1031
1039
1041
1043
1047
1053
1065
1077
1226
1228
1230
1232
1234
1236
1244
1246
1248
1256
1258
1260
1264
1270
1282
1294
1585
1587
1589
1591
1593
1595
1603
1605
1607
1615
1617
1619
1623
1629
1641
1653
1802
1804
1806
1808
1810
1812
1820
1822
1824
1832
1834
1836
1840
1846
1858
1870
2161
2163
2165
2167
2169
2171
2179
2181
2183
2191
2193
2195
2199
2205
2217
2229
2378
2380
2382
2384
2386
2388
2396
2398
2400
2408
2410
2412
2416
2422
2434
2446
2737
2739
2741
2743
2745
2747
2755
2757
2759
2767
2769
2771
2775
2781
2793
2805
2954
2956
2958
2960
2962
2964
2972
2974
2976
2984
2986
2988
2992
2998
3010
3022
3313
3315
3317
3319
3321
3323
3331
3333
3335
3343
3345
3347
3351
3357
3369
3381
3459
3461
3465
3467
3477
3479
3489
3491
3495
3497
3501
3503
3513
3515
3525
3527
3964
3966
3970
3972
3982
3984
3994
3996
4000
4002
4006
4008
4018
4020
4030
4032
4035
4037
4041
4043
4053
4055
4065
4067
4071
4073
4077
4079
4089
4091
4101
4103
4540
4542
4546
4548
4558
4560
4570
4572
4576
4578
4582
4584
4594
4596
4606
4608
4611
4613
4617
4619
4629
4631
4641
4643
4647
4649
4653
4655
4665
4667
4677
4679
5116
5118
5122
5124
5134
5136
5146
5148
5152
5154
5158
5160
5170
5172
5182
5184
5187
5189
5193
5195
5205
5207
5217
5219
5223
5225
5229
5231
5241
5243
5253
5255
5692
5694
5698
5700
5710
5712
5722
5724
5728
5730
5734
5736
5746
5748
5758
5760
5763
5765
5769
5771
5781
5783
5793
5795
5799
5801
5805
5807
5817
5819
5829
5831
6268
6270
6274
6276
6286
6288
6298
6300
6304
6306
6310
6312
6322
6324
6334
6336
6339
6341
6345
6347
6357
6359
6369
6371
6375
6377
6381
6383
6393
6395
6405
6407
6844
6846
6850
6852
6862
6864
6874
6876
6880
6882
6886
6888
6898
6900
6910
6912
6988
6990
6994
6996
7006
7008
7018
7020
7024
7026
7030
7032
7042
7044
7054
7056
7347
7349
7353
7355
7365
7367
7377
7379
7383
7385
7389
7391
7401
7403
7413
7415
7564
7566
7570
7572
7582
7584
7594
7596
7600
7602
7606
7608
7618
7620
7630
7632
7923
7925
7929
7931
7941
7943
7953
7955
7959
7961
7965
7967
7977
7979
7989
7991
8140
8142
8146
8148
8158
8160
8170
8172
8176
8178
8182
8184
8194
8196
8206
8208
8499
8501
8505
8507
8517
8519
8529
8531
8535
8537
8541
8543
8553
8555
8565
8567
8716
8718
8722
8724
8734
8736
8746
8748
8752
8754
8758
8760
8770
8772
8782
8784
9075
9077
9081
9083
9093
9095
9105
9107
9111
9113
9117
9119
9129
9131
9141
9143
9219
9221
9225
9227
9237
9239
9249
9251
9255
9257
9261
9263
9273
9275
9285
9287
9724
9726
9730
9732
9742
9744
9754
9756
9760
9762
9766
9768
9778
9780
9790
9792
9795
9797
9801
9803
9813
9815
9825
9827
9831
9833
9837
9839
9849
9851
9861
9863
10300
10302
10306
10308
10318
10320
10330
10332
10336
10338
10342
10344
10354
10356
10366
10368
10371
10373
10377
10379
10389
10391
10401
10403
10407
10409
10413
10415
10425
10427
10437
10439
10876
10878
10882
10884
10894
10896
10906
10908
10912
10914
10918
10920
10930
10932
10942
10944
10947
10949
10953
10955
10965
10967
10977
10979
10983
10989
11001
11013
11452
11454
11458
11460
11470
11472
11482
11484
11488
11494
11506
11518
11527
11529
11531
11539
11541
11543
11551
11553
11555
11565
11567
11577
11579
11589
11591
11672
11674
11676
11684
11686
11688
11696
11698
11700
11710
11712
11722
11724
11734
11736
12176
12178
12180
12188
12190
12192
12200
12202
12204
12214
12226
12238
12535
12537
12539
12547
12549
12551
12559
12561
12563
12573
12585
12597
12752
12754
12756
12764
12766
12768
12776
12778
12780
12790
12802
12814
13111
13113
13115
13123
13125
13127
13135
13137
13139
13149
13161
13173
13328
13330
13332
13340
13342
13344
13352
13354
13356
13366
13378
13390
13687
13689
13691
13699
13701
13703
13711
13713
13715
13725
13737
13749
13904
13906
13908
13916
13918
13920
13928
13930
13932
13942
13954
13966
14263
14265
14267
14275
14277
14279
14287
14289
14291
14301
14313
14325
14480
14482
14484
14492
14494
14496
14504
14506
14508
14518
14530
14542
14839
14841
14843
14851
14853
14855
14863
14865
14867
14877
14889
14901
14985
14987
14997
14999
15009
15011
15021
15023
15033
15035
15045
15047
15490
15492
15502
15504
15514
15516
15526
15528
15538
15540
15550
15552
15561
15563
15573
15575
15585
15587
15597
15599
15609
15611
15621
15623
16066
16068
16078
16080
16090
16092
16102
16104
16114
16116
16126
16128
16137
16139
16149
16151
16161
16163
16173
16175
16185
16187
16197
16199
16642
16644
16654
16656
16666
16668
16678
16680
16690
16692
16702
16704
16713
16715
16725
16727
16737
16739
16749
16751
16761
16763
16773
16775
17218
17220
17230
17232
17242
17244
17254
17256
17266
17268
17278
17280
17289
17291
17301
17303
17313
17315
17325
17327
17337
17339
17349
17351
17794
17796
17806
17808
17818
17820
17830
17832
17842
17844
17854
17856
17865
17867
17877
17879
17889
17891
17901
17903
17913
17915
17925
17927
18370
18372
18382
18384
18394
18396
18406
18408
18418
18420
18430
18432
18514
18516
18526
18528
18538
18540
18550
18552
18562
18564
18574
18576
18873
18875
18885
18887
18897
18899
18909
18911
18921
18923
18933
18935
19090
19092
19102
19104
19114
19116
19126
19128
19138
19140
19150
19152
19449
19451
19461
19463
19473
19475
19485
19487
19497
19499
19509
19511
19666
19668
19678
19680
19690
19692
19702
19704
19714
19716
19726
19728
20025
20027
20037
20039
20049
20051
20061
20063
20073
20075
20085
20087
20242
20244
20254
20256
20266
20268
20278
20280
20290
20292
20302
20304
20601
20603
20613
20615
20625
20627
20637
20639
20649
20651
20661
20663
20745
20747
20757
20759
20769
20771
20781
20783
20793
20795
20805
20807
21250
21252
21262
21264
21274
21276
21286
21288
21298
21300
21310
21312
21321
21323
21333
21335
21345
21347
21357
21359
21369
21371
21381
21383
21826
21828
21838
21840
21850
21852
21862
21864
21874
21876
21886
21888
21897
21899
21909
21911
21921
21923
21933
21935
21945
21947
21957
21959
22402
22404
22414
22416
22426
22428
22438
22440
22450
22452
22462
22464
22473
22475
22485
22487
22497
22499
22509
22521
22533
22978
22980
22990
22992
23002
23004
23014
23026
23038
23047
23049
23051
23059
23061
23063
23071
23072
23073
23074
23075
23076
23085
23087
23097
23099
23109
23110
23111
23112
23121
23123
23133
23135
23145
23146
23147
23148
23157
23159
23169
23171
23181
23182
23183
23184
23193
23195
23205
23207
23217
23218
23219
23220
23229
23231
23241
23243
23253
23254
23255
23256
23264
23266
23268
23276
23278
23280
23287
23288
23289
23290
23291
23292
23302
23314
23325
23326
23336
23338
23340
23348
23350
23352
23359
23360
23361
23362
23363
23364
23374
23386
23397
23398
23431
23432
23433
23434
23435
23436
23469
23470
23471
23480
23482
23484
23492
23494
23496
23504
23506
23508
23518
23530
23542
23545
23546
23547
23548
23549
23550
23583
23584
23585
23721
23723
23757
23759
23762
23763
23764
23765
23766
23799
23800
23801
23802
23936
23938
23940
23974
24007
24009
24010
24011
24012
24045
24046
24047
24048
24124
24126
24160
24195
24197
24231
24298
24300
24334
24336
24368
24370
24372
24406
24408
24409
24411
24413
24447
24481
24483
24485
24519
24556
24558
24592
24594
24628
24630
24664
24666
24729
24731
24765
24767
24799
24801
24803
24837
24839
24842
24844
24846
24880
24914
24916
24918
24952
24987
24989
25023
25025
25059
25061
25095
25097
25162
25164
25198
25200
25232
25234
25236
25270
25272
25273
25275
25277
25311
25345
25347
25349
25383
25420
25422
25456
25458
25492
25494
25528
25530
25593
25595
25629
25631
25663
25665
25667
25701
25703
25711
25713
25715
25723
25725
25727
25735
25737
25739
25749
25751
25761
25763
25773
25775
25807
25809
25811
25845
25879
25881
25883
25917
25954
25956
25990
25992
26026
26028
26062
26064
26098
26100
26134
26136
26144
26146
26148
26156
26158
26160
26168
26170
26172
26182
26184
26194
26196
26206
26208
26216
26218
26220
26228
26230
26232
26240
26242
26244
26254
26266
26278
26288
26290
26292
26300
26302
26304
26312
26314
26316
26326
26338
26350
26361
26363
26373
26375
26385
26387
26397
26399
26409
26411
26421
26423
26433
26435
26445
26447
26457
26459
26469
26481
26493
26529
26530
26531
26532
26565
26566
26567
26568
26578
26580
26590
26592
26602
26604
26614
26616
26626
26628
26638
26640
26673
26674
26675
26676
26709
26710
26711
26712
26746
26748
26782
26784
26818
26820
26854
26856
26960
26962
26964
26998
27008
27010
27012
27020
27022
27024
27032
27034
27036
27046
27058
27070
27105
27106
27107
27108
27141
27142
27143
27144
27178
27180
27214
27216
27250
27252
27286
27288
27322
27324
27358
27360
27394
27396
27430
27432
27442
27444
27454
27456
27466
27468
27478
27480
27490
27492
27502
27504
27536
27538
27540
27574
27584
27586
27588
27596
27598
27600
27608
27610
27612
27622
27634
27646
27681
27682
27683
27684
27717
27718
27719
27720
27754
27756
27790
27792
27826
27828
27862
27864
27898
27900
27934
27936
27970
27972
28006
28008
28018
28020
28030
28032
28042
28044
28054
28056
28066
28068
28078
28080
28112
28114
28116
28150
28160
28162
28164
28172
28174
28176
28184
28186
28188
28198
28210
28222
28257
28258
28259
28260
28293
28294
28295
28296
28330
28332
28366
28368
28401
28402
28403
28404
28437
28438
28439
28440
28474
28476
28510
28512
28545
28546
28547
28548
28581
28582
28583
28584
28618
28620
28654
28656
28689
28690
28691
28692
28725
28726
28727
28728
28833
28834
28835
28836
28869
28870
28871
28872
28977
28978
28979
28980
29013
29014
29015
29016
29097
29099
29109
29111
29121
29122
29123
29124
29133
29135
29145
29147
29157
29158
29159
29160
29241
29243
29253
29255
29265
29266
29267
29268
29277
29279
29289
29291
29301
29302
29303
29304
29385
29387
29397
29399
29409
29410
29411
29412
29421
29423
29433
29435
29445
29446
29447
29448
29527
29529
29531
29539
29541
29543
29551
29552
29553
29554
29555
29556
29565
29567
29577
29579
29589
29590
29591
29592
29673
29675
29685
29687
29697
29698
29699
29700
29709
29711
29721
29723
29733
29734
29735
29736
29817
29819
29829
29831
29841
29842
29843
29844
29853
29865
29877
29878
29983
29984
29985
29986
29987
29988
30021
30022
30023
30024
30056
30058
30060
30094
30096
30128
30130
30132
30166
30168
30200
30202
30204
30238
30240
30273
30274
30275
30276
30309
30310
30311
30312
30346
30348
30382
30384
30418
30420
30454
30456
30490
30492
30526
30528
30561
30562
30563
30564
30597
30598
30599
30600
30634
30636
30670
30672
30706
30708
30742
30744
30778
30780
30814
30816
30849
30850
30851
30852
30885
30886
30922
30924
30958
30993
30994
30995
30996
31029
31030
31113
31115
31125
31127
31137
31138
31139
31140
31149
31151
31161
31163
31173
31174
31175
31176
31257
31259
31269
31271
31281
31282
31283
31284
31293
31295
31305
31307
31317
31318
31319
31320
31401
31403
31413
31415
31425
31426
31427
31428
31437
31439
31449
31451
31461
31462
31463
31464
31545
31547
31557
31559
31569
31570
31571
31572
31581
31583
31593
31595
31605
31606
31607
31608
31687
31689
31691
31699
31701
31703
31711
31712
31713
31714
31715
31716
31725
31727
31737
31739
31749
31750
31751
31752
31833
31835
31845
31847
31857
31858
31859
31860
31869
31871
31881
31883
31893
31894
31895
31896
31977
31979
31989
31991
32001
32002
32003
32004
32013
32015
32025
32027
32037
32038
32039
32040
32121
32123
32133
32135
32145
32146
32147
32148
32157
32169
32181
32182
32289
32290
32291
32292
32325
32326
32327
32328
32362
32364
32398
32400
32433
32434
32435
32436
32469
32470
32471
32472
32577
32578
32579
32580
32613
32614
32615
32616
32650
32652
32686
32688
32721
32722
32723
32724
32757
32758
32759
32760
32865
32866
32867
32868
32901
32902
32903
32904
32938
32940
32974
32976
33009
33010
33011
33012
33045
33046
33047
33048
33153
33154
33155
33156
33189
33190
33226
33228
33262
33298
33300
33334
33370
33372
33406
33442
33444
33478
33480
33490
33492
33502
33504
33514
33516
33526
33528
33538
33540
33550
33552
33586
33588
33622
33624
33634
33636
33646
33648
33658
33660
33670
33672
33682
33684
33694
33696
33730
33732
33766
33768
33778
33780
33790
33792
33802
33804
33814
33816
33826
33828
33838
33840
33874
33876
33910
33922
33924
33934
33936
33946
33948
33958
33970
33982
34018
34020
34054
34056
34066
34068
34078
34080
34090
34092
34102
34104
34114
34116
34126
34128
34162
34164
34198
34200
34210
34212
34222
34224
34234
34236
34246
34248
34258
34260
34270
34272
34306
34308
34342
34344
34354
34356
34366
34368
34378
34380
34390
34392
34402
34404
34414
34416
34450
34452
34486
34498
34500
34510
34512
34522
34524
34534
34546
34558
34561
34562
34563
34564
34565
34566
34568
34570
34572
34587
34588
34589
34590
34594
34596
34609
34610
34611
34612
34613
34614
34615
34617
34619
34635
34636
34637
34638
34641
34643
34658
34660
34662
34684
34686
34706
34708
34710
34732
34734
34754
34756
34758
34780
34782
34802
34804
34806
34828
34830
34850
34852
34854
34876
34878
34945
34946
34947
34948
34949
34950
34951
34953
34955
34971
34972
34977
34994
34996
34998
35020
35042
35044
35046
35068
35090
35092
35094
35116
35138
35140
35142
35164
35186
35188
35190
35212
35234
35236
35238
35260
35282
35284
35286
35288
35290
35292
35308
35314
35329
35330
35331
35332
35333
35334
35335
35337
35339
35355
35356
35361
35378
35380
35382
35404
35426
35428
35430
35452
35474
35476
35478
35500
35522
35524
35526
35548
35570
35572
35574
35596
35618
35620
35622
35644
35666
35668
35670
35672
35674
35676
35692
35698
35713
35714
35715
35716
35717
35718
35719
35721
35723
35739
35740
35745
35762
35764
35766
35788
35810
35812
35814
35836
35858
35860
35862
35884
35906
35908
35910
35932
35954
35956
35958
35980
36002
36004
36006
36028
36050
36052
36054
36056
36058
36060
36076
36082
36097
36098
36099
36100
36101
36102
36103
36105
36107
36123
36124
36129
36146
36148
36150
36172
36194
36196
36198
36220
36242
36244
36246
36268
36290
36292
36294
36316
36338
36340
36342
36364
36386
36388
36390
36412
36434
36436
36438
36440
36442
36444
36460
36466
36481
36482
36483
36484
36485
36486
36487
36489
36491
36507
36508
36513
36530
36532
36534
36556
36578
36580
36582
36604
36626
36628
36630
36652
36674
36676
36678
36700
36722
36724
36726
36748
36770
36772
36774
36796
36818
36820
36822
36824
36826
36828
36844
36850
36867
36868
36869
36870
36891
36892
36893
36894
36916
36918
36922
36924
36940
36942
36946
36948
36963
36964
36965
36966
36987
36988
36989
36990
37059
37060
37061
37062
37083
37084
37085
37086
37155
37156
37157
37158
37161
37163
37179
37180
37181
37182
37185
37187
37251
37252
37253
37254
37275
37276
37277
37278
37300
37302
37306
37308
37324
37326
37330
37332
37347
37348
37349
37350
37371
37372
37373
37374
37443
37444
37445
37446
37467
37468
37469
37470
37539
37540
37541
37542
37545
37547
37563
37564
37565
37566
37569
37571
37635
37636
37637
37638
37659
37660
37661
37662
37684
37686
37690
37692
37708
37710
37714
37716
37731
37732
37733
37734
37755
37756
37757
37758
37827
37828
37829
37830
37851
37852
37853
37854
37923
37924
37925
37926
37929
37931
37947
37948
37949
37950
37953
37955
38019
38020
38021
38022
38043
38044
38045
38046
38068
38070
38074
38076
38092
38094
38098
38100
38115
38116
38117
38118
38139
38140
38141
38142
38211
38212
38213
38214
38235
38236
38237
38238
38307
38308
38309
38310
38313
38315
38331
38332
38333
38334
38337
38339
38403
38404
38405
38406
38427
38428
38429
38430
38452
38454
38458
38460
38476
38478
38482
38484
38499
38500
38501
38502
38523
38524
38525
38526
38595
38596
38597
38598
38619
38620
38621
38622
38691
38692
38693
38694
38697
38699
38715
38716
38717
38718
38721
38723
38787
38788
38789
38790
38811
38812
38813
38814
38836
38838
38842
38844
38860
38862
38866
38868
38883
38884
38885
38886
38907
38908
38909
38910
38979
38980
38981
38982
39003
39004
39005
39006
39075
39076
39077
39078
39081
39083
39099
39100
39101
39102
39105
39107
39171
39172
39173
39174
39195
39196
39197
39198
39220
39222
39226
39228
39244
39246
39250
39252
39267
39268
39269
39270
39291
39292
39293
39294
39363
39364
39365
39366
39387
39388
39389
39390
39459
39460
39461
39462
39465
39467
39483
39484
39485
39486
39489
39491
39555
39556
39557
39558
39579
39580
39581
39582
39604
39606
39610
39612
39628
39630
39634
39636
39651
39652
39653
39654
39675
39676
39677
39678
39747
39748
39749
39750
39771
39772
39773
39774
39843
39844
39845
39846
39849
39851
39867
39868
39869
39870
39873
39875
39939
39940
39941
39942
39963
39964
39965
39966
39988
39990
39994
39996
40012
40014
40018
40020
40035
40036
40037
40038
40059
40060
40061
40062
40131
40132
40133
40134
40155
40156
40157
40158
40227
40228
40229
40230
40233
40235
40251
40252
40253
40254
40257
40259
40323
40324
40325
40326
40347
40348
40349
40350
40372
40374
40378
40380
40396
40398
40402
40404
40419
40420
40421
40422
40443
40444
40445
40446
40515
40516
40517
40518
40539
40540
40541
40542
40611
40612
40613
40614
40617
40619
40635
40636
40637
40638
40641
40643
40707
40708
40709
40710
40713
40715
40731
40732
40733
40734
40737
40739
40756
40758
40780
40782
40804
40806
40828
40830
40852
40854
40876
40878
40900
40902
40924
40926
40948
40950
40972
40974
40996
40998
41020
41022
41044
41046
41050
41052
41068
41070
41074
41076
41091
41092
41093
41094
41097
41099
41115
41116
41117
41118
41121
41123
41140
41142
41164
41166
41188
41190
41212
41214
41236
41238
41260
41262
41284
41286
41308
41310
41332
41334
41356
41358
41380
41382
41404
41406
41428
41430
41434
41436
41452
41454
41458
41460
41475
41476
41477
41478
41481
41483
41499
41500
41501
41502
41505
41507
41524
41526
41548
41550
41572
41574
41596
41598
41620
41622
41644
41646
41668
41670
41692
41694
41716
41718
41740
41742
41764
41766
41788
41790
41812
41814
41818
41820
41836
41838
41842
41844
41859
41860
41861
41862
41865
41867
41883
41884
41889
41908
41910
41932
41956
41958
41980
42004
42006
42028
42052
42054
42076
42100
42102
42124
42148
42150
42172
42196
42198
42202
42204
42220
42226
139413
139416
139418
139421
139423
139426
139428
139430
139432
139434
139436
139438
139547
139551
139554
139558
139561
139565
139568
139571
139574
139577
139580
139583
139638
139641
139643
139646
139648
139651
139653
139654
139656
139657
139659
139660
139757
139761
139764
139768
139771
139775
139778
139781
139783
139786
139788
139791
139842
139845
139847
139850
139852
139855
139857
139858
139860
139861
139863
139864
139961
139965
139968
139972
139975
139979
139982
139985
139987
139990
139992
139995
140046
140049
140051
140054
140056
140059
140061
140062
140064
140065
140067
140068
140165
140169
140172
140176
140179
140183
140186
140189
140191
140194
140196
140199
140250
140253
140255
140258
140260
140263
140265
140266
140268
140269
140271
140272
140369
140373
140376
140380
140383
140387
140390
140393
140395
140398
140400
140403
140454
140457
140459
140462
140464
140467
140469
140470
140472
140473
140475
140476
140573
140577
140580
140584
140587
140591
140594
140597
140599
140602
140604
140607
140621
140624
140627
140630
140633
140636
140639
140642
140645
140648
140651
140654
140802
140804
140806
140808
140810
140812
140814
140816
140818
140820
140822
140824
140825
140828
140831
140834
140837
140840
140843
140846
140849
140852
140855
140858
141006
141008
141010
141012
141014
141016
141018
141020
141022
141024
141026
141028
141029
141032
141035
141038
141041
141044
141047
141050
141053
141056
141059
141062
141210
141212
141214
141216
141218
141220
141222
141224
141226
141228
141230
141232
141233
141236
141239
141242
141245
141248
141251
141254
141257
141260
141263
141266
141414
141416
141418
141420
141422
141424
141426
141428
141430
141432
141434
141436
141437
141440
141443
141446
141449
141452
141455
141458
141461
141464
141467
141470
141618
141620
141622
141624
141626
141628
141630
141632
141634
141636
141638
141640
141641
141644
141647
141650
141653
141656
141659
141662
141665
141668
141671
141674
141822
141824
141826
141828
141830
141832
141834
141836
141838
141840
141842
141844
141882
141884
141886
141888
141890
141892
141894
141896
141898
141900
141902
141904
142001
142004
142007
142010
142013
142016
142019
142022
142025
142028
142031
142034
142086
142088
142090
142092
142094
142096
142098
142100
142102
142104
142106
142108
142205
142208
142211
142214
142217
142220
142223
142226
142229
142232
142235
142238
142290
142292
142294
142296
142298
142300
142302
142304
142306
142308
142310
142312
142409
142412
142415
142418
142421
142424
142427
142430
142433
142436
142439
142442
142494
142496
142498
142500
142502
142504
142506
142508
142510
142512
142514
142516
142613
142616
142619
142622
142625
142628
142631
142634
142637
142640
142643
142646
142661
142664
142667
142670
142673
142676
142679
142682
142685
142688
142691
142694
142842
142844
142846
142848
142850
142852
142854
142856
142858
142860
142862
142864
142865
142868
142871
142874
142877
142880
142883
142886
142889
142892
142895
142898
143046
143048
143050
143052
143054
143056
143058
143060
143062
143064
143066
143068
143069
143072
143075
143078
143081
143084
143087
143090
143093
143096
143099
143102
143250
143252
143254
143256
143258
143260
143262
143264
143266
143268
143270
143272
143273
143276
143279
143282
143285
143288
143291
143294
143296
143299
143301
143304
143433
143435
143437
143439
143441
143443
143445
143446
143448
143449
143451
143452
143453
143457
143460
143464
143467
143471
143474
143477
143480
143483
143486
143489
143532
143535
143537
143540
143542
143545
143547
143549
143551
143553
143555
143557
143718
143721
143723
143726
143728
143731
143733
143734
143736
143737
143739
143740
143837
143841
143844
143848
143851
143855
143858
143861
143863
143866
143868
143871
143922
143925
143927
143930
143932
143935
143937
143938
143940
143941
143943
143944
144041
144045
144048
144052
144055
144059
144062
144065
144067
144070
144072
144075
144126
144129
144131
144134
144136
144139
144141
144142
144144
144145
144147
144148
144245
144249
144252
144256
144259
144263
144266
144269
144271
144274
144276
144279
144330
144333
144335
144338
144340
144343
144345
144346
144348
144349
144351
144352
144449
144453
144456
144460
144463
144467
144470
144473
144475
144478
144480
144483
144534
144537
144539
144542
144544
144547
144549
144550
144552
144553
144555
144556
144653
144657
144660
144664
144667
144671
144674
144677
144679
144682
144684
144687
144701
144704
144707
144710
144713
144716
144719
144722
144725
144728
144731
144734
144882
144884
144886
144888
144890
144892
144894
144896
144898
144900
144902
144904
144905
144908
144911
144914
144917
144920
144923
144926
144929
144932
144935
144938
145086
145088
145090
145092
145094
145096
145098
145100
145102
145104
145106
145108
145109
145112
145115
145118
145121
145124
145127
145130
145133
145136
145139
145142
145290
145292
145294
145296
145298
145300
145302
145304
145306
145308
145310
145312
145313
145316
145319
145322
145325
145328
145331
145334
145337
145340
145343
145346
145494
145496
145498
145500
145502
145504
145506
145508
145510
145512
145514
145516
145517
145520
145523
145526
145529
145532
145535
145538
145541
145544
145547
145550
145698
145700
145702
145704
145706
145708
145710
145712
145714
145716
145718
145720
145721
145724
145727
145730
145733
145736
145739
145742
145745
145748
145751
145754
145902
145904
145906
145908
145910
145912
145914
145916
145918
145920
145922
145924
145962
145964
145966
145968
145970
145972
145974
145976
145978
145980
145982
145984
146081
146084
146087
146090
146093
146096
146099
146102
146105
146108
146111
146114
146166
146168
146170
146172
146174
146176
146178
146180
146182
146184
146186
146188
146285
146288
146291
146294
146297
146300
146303
146306
146309
146312
146315
146318
146370
146372
146374
146376
146378
146380
146382
146384
146386
146388
146390
146392
146489
146492
146495
146498
146501
146504
146507
146510
146513
146516
146519
146522
146574
146576
146578
146580
146582
146584
146586
146588
146590
146592
146594
146596
146693
146696
146699
146702
146705
146708
146711
146714
146717
146720
146723
146726
146741
146744
146747
146750
146753
146756
146759
146762
146765
146768
146771
146774
146922
146924
146926
146928
146930
146932
146934
146936
146938
146940
146942
146944
146945
146948
146951
146954
146957
146960
146963
146966
146969
146972
146975
146978
147126
147128
147130
147132
147134
147136
147138
147140
147142
147144
147146
147148
147149
147152
147155
147158
147161
147164
147167
147170
147173
147176
147179
147182
147330
147332
147334
147336
147338
147340
147342
147344
147346
147348
147350
147352
147353
147356
147359
147362
147365
147368
147371
147374
147376
147379
147381
147384
147513
147515
147517
147519
147521
147523
147525
147526
147528
147529
147531
147532
147533
147537
147540
147544
147547
147548
147549
147550
147551
147552
147553
147554
147557
147560
147563
147566
147567
147568
147569
147570
147571
147572
147575
147578
147581
147584
147585
147586
147587
147588
147589
147590
147593
147596
147599
147602
147603
147604
147605
147606
147607
147608
147611
147614
147617
147620
147621
147622
147623
147624
147625
147626
147629
147632
147635
147638
147639
147640
147641
147642
147643
147646
147650
147653
147657
147658
147659
147660
147661
147662
147663
147664
147667
147669
147672
147674
147675
147676
147677
147678
147679
147682
147686
147689
147693
147694
147695
147696
147697
147698
147699
147700
147703
147705
147708
147710
147711
147712
147713
147714
147715
147730
147731
147732
147733
147734
147735
147736
147749
147750
147751
147752
147753
147754
147756
147759
147761
147764
147765
147766
147767
147768
147769
147771
147772
147774
147775
147776
147777
147778
147779
147780
147781
147782
147783
147784
147785
147800
147801
147802
147803
147804
147805
147822
147823
147828
147829
147838
147839
147840
147841
147850
147851
147852
147853
147854
147855
147856
147857
147858
147859
147860
147875
147876
147877
147878
147879
147880
147899
147900
147901
147904
147915
147916
147917
147918
147919
147926
147927
147928
147943
147944
147945
147946
147947
147948
147949
147962
147963
147964
147965
147966
147967
147974
147975
147976
147979
147980
147981
147982
147983
147992
147993
147994
148001
148002
148003
148004
148013
148014
148015
148030
148031
148032
148033
148042
148043
148044
148045
148056
148057
148058
148059
148060
148069
148070
148071
148072
148073
148074
148075
148076
148077
148088
148089
148090
148097
148098
148099
148100
148101
148112
148113
148114
148121
148122
148123
148124
148133
148134
148135
148136
148145
148146
148147
148148
148157
148158
148159
148160
148177
148178
148179
148180
148189
148190
148191
148192
148203
148204
148205
148206
148207
148216
148217
148218
148219
148220
148221
148222
148223
148224
148235
148236
148237
148244
148245
148246
148247
148248
148259
148260
148261
148268
148269
148270
148271
148280
148281
148282
148283
148292
148293
148294
148295
148304
148305
148306
148307
148324
148325
148326
148327
148336
148337
148338
148339
148350
148351
148352
148353
148354
148363
148364
148365
148366
148367
148368
148369
148370
148371
148382
148383
148384
148391
148392
148393
148394
148395
148406
148407
148408
148415
148416
148417
148418
148427
148428
148429
148430
148439
148440
148441
148442
148451
148452
148453
148454
148471
148472
148473
148474
148483
148484
148485
148486
148497
148498
148499
148500
148501
148510
148511
148512
148513
148514
148517
148519
148522
148524
148525
148526
148527
148528
148529
148531
148533
148535
148537
148538
148539
148540
148551
148552
148553
148554
148555
148562
148563
148564
148575
148576
148577
148578
148579
148586
148587
148588
148597
148598
148599
148600
148609
148610
148611
148612
148621
148622
148623
148624
148633
148634
148635
148636
148645
148646
148647
148648
148657
148658
148659
148660
148662
148665
148667
148670
148671
148672
148673
148674
148675
148677
148679
148681
148683
148684
148685
148686
148687
148689
148692
148694
148697
148698
148699
148700
148701
148702
148704
148705
148707
148708
148709
148710
148711
148713
148716
148718
148721
148722
148723
148724
148725
148726
148728
148729
148731
148732
148733
148734
148735
148736
148738
148740
148742
148744
148745
148746
148747
148748
148750
148752
148754
148756
148757
148758
148759
148760
148762
148764
148766
148768
148769
148770
148771
148772
148774
148775
148777
148778
148779
148780
148793
148794
148795
148796
148797
148798
148811
148812
148813
148814
148815
148816
148818
148820
148822
148824
148825
148826
148827
148828
148830
148832
148834
148836
148837
148838
148839
148840
148853
148854
148855
148856
148857
148858
148871
148872
148873
148874
148875
148876
148885
148886
148887
148888
148897
148898
148899
148900
148909
148910
148911
148912
148921
148922
148923
148924
148929
148930
148935
148936
148947
148948
148949
148950
148951
148958
148959
148960
148962
148965
148967
148970
148971
148972
148973
148974
148975
148977
148978
148980
148981
148982
148983
148984
148997
148998
148999
149000
149001
149002
149015
149016
149017
149018
149019
149020
149029
149030
149031
149032
149041
149042
149043
149044
149053
149054
149055
149056
149065
149066
149067
149068
149077
149078
149079
149080
149089
149090
149091
149092
149101
149102
149103
149104
149113
149114
149115
149116
149118
149120
149122
149124
149125
149126
149127
149128
149130
149132
149134
149136
149137
149138
149139
149140
149151
149152
149153
149154
149155
149162
149163
149164
149166
149169
149171
149174
149175
149176
149177
149178
149179
149181
149182
149184
149185
149186
149187
149188
149201
149202
149203
149204
149205
149206
149219
149220
149221
149222
149223
149224
149233
149234
149235
149236
149245
149246
149247
149248
149257
149258
149259
149260
149269
149270
149271
149272
149281
149282
149283
149284
149293
149294
149295
149296
149305
149306
149307
149308
149317
149318
149319
149320
149322
149324
149326
149328
149329
149330
149331
149332
149334
149336
149338
149340
149341
149342
149343
149344
149355
149356
149357
149358
149359
149366
149367
149368
149370
149373
149375
149378
149379
149380
149381
149382
149383
149385
149386
149388
149389
149390
149391
149392
149405
149406
149407
149408
149409
149410
149423
149424
149425
149426
149427
149428
149437
149438
149439
149440
149449
149450
149451
149452
149465
149466
149467
149468
149469
149470
149483
149484
149485
149486
149487
149488
149497
149498
149499
149500
149509
149510
149511
149512
149525
149526
149527
149528
149529
149530
149543
149544
149545
149546
149547
149548
149557
149558
149559
149560
149569
149570
149571
149572
149585
149586
149587
149588
149589
149590
149603
149604
149605
149606
149607
149608
149613
149614
149619
149620
149633
149634
149635
149636
149637
149638
149651
149652
149653
149654
149655
149656
149661
149662
149667
149668
149681
149682
149683
149684
149685
149686
149699
149700
149701
149702
149703
149704
149709
149710
149715
149716
149717
149720
149723
149726
149729
149730
149731
149732
149733
149734
149735
149738
149741
149744
149747
149748
149749
149750
149751
149752
149757
149758
149763
149764
149765
149768
149771
149774
149777
149778
149779
149780
149781
149782
149783
149786
149789
149792
149795
149796
149797
149798
149799
149800
149805
149806
149811
149812
149813
149816
149819
149822
149825
149826
149827
149828
149829
149830
149831
149834
149837
149840
149843
149844
149845
149846
149847
149848
149853
149854
149859
149860
149861
149865
149868
149872
149875
149876
149877
149878
149879
149880
149881
149882
149885
149888
149891
149894
149895
149896
149897
149898
149899
149906
149907
149908
149913
149914
149915
149918
149921
149924
149927
149928
149929
149930
149931
149932
149933
149936
149939
149942
149945
149946
149947
149948
149949
149950
149955
149956
149961
149962
149963
149966
149969
149972
149975
149976
149977
149978
149979
149980
149981
149984
149986
149989
149991
149992
149993
149994
149995
150000
150001
150004
150019
150020
150021
150022
150023
150024
150025
150038
150039
150040
150041
150042
150043
150054
150055
150056
150057
150058
150067
150068
150069
150070
150081
150082
150083
150084
150085
150094
150095
150096
150097
150108
150109
150110
150111
150112
150121
150122
150123
150124
150137
150138
150139
150140
150141
150142
150155
150156
150157
150158
150159
150160
150169
150170
150171
150172
150181
150182
150183
150184
150193
150194
150195
150196
150205
150206
150207
150208
150217
150218
150219
150220
150229
150230
150231
150232
150245
150246
150247
150248
150249
150250
150263
150264
150265
150266
150267
150268
150277
150278
150279
150280
150289
150290
150291
150292
150301
150302
150303
150304
150313
150314
150315
150316
150325
150326
150327
150328
150337
150338
150339
150340
150353
150354
150355
150356
150357
150358
150369
150370
150371
150372
150373
150382
150383
150384
150385
150392
150393
150394
150407
150408
150409
150410
150411
150412
150423
150424
150425
150426
150427
150432
150433
150436
150437
150440
150443
150446
150449
150450
150451
150452
150453
150454
150455
150458
150461
150464
150467
150468
150469
150470
150471
150472
150477
150478
150483
150484
150485
150488
150491
150494
150497
150498
150499
150500
150501
150502
150503
150506
150509
150512
150515
150516
150517
150518
150519
150520
150525
150526
150531
150532
150533
150536
150539
150542
150545
150546
150547
150548
150549
150550
150551
150554
150557
150560
150563
150564
150565
150566
150567
150568
150573
150574
150579
150580
150581
150584
150587
150590
150593
150594
150595
150596
150597
150598
150599
150602
150605
150608
150611
150612
150613
150614
150615
150616
150621
150622
150627
150628
150629
150633
150636
150640
150643
150644
150645
150646
150647
150648
150649
150650
150653
150656
150659
150662
150663
150664
150665
150666
150667
150674
150675
150676
150681
150682
150683
150686
150689
150692
150695
150696
150697
150698
150699
150700
150701
150704
150707
150710
150713
150714
150715
150716
150717
150718
150723
150724
150729
150730
150731
150734
150737
150740
150743
150744
150745
150746
150747
150748
150749
150752
150755
150758
150761
150762
150763
150764
150765
150766
150771
150772
150777
150778
150779
150782
150785
150788
150791
150792
150793
150794
150795
150796
150797
150800
150802
150805
150807
150808
150809
150810
150811
150816
150817
150820
150833
150834
150835
150836
150837
150838
150851
150852
150853
150854
150855
150856
150865
150866
150867
150868
150877
150878
150879
150880
150893
150894
150895
150896
150897
150898
150911
150912
150913
150914
150915
150916
150921
150922
150927
150928
150941
150942
150943
150944
150945
150946
150959
150960
150961
150962
150963
150964
150973
150974
150975
150976
150985
150986
150987
150988
151001
151002
151003
151004
151005
151006
151019
151020
151021
151022
151023
151024
151029
151030
151035
151036
151049
151050
151051
151052
151053
151054
151067
151068
151069
151070
151071
151072
151081
151082
151083
151084
151093
151094
151095
151096
151109
151110
151111
151112
151113
151114
151127
151128
151129
151130
151131
151132
151137
151138
151143
151144
151157
151158
151159
151160
151161
151162
151173
151174
151175
151176
151177
151186
151187
151188
151189
151196
151197
151198
151207
151208
151209
151210
151217
151218
151219
151228
151229
151230
151231
151238
151239
151240
151249
151250
151251
151252
151261
151262
151263
151264
151266
151268
151270
151272
151273
151274
151275
151276
151278
151280
151282
151284
151285
151286
151287
151288
151297
151298
151299
151300
151309
151310
151311
151312
151314
151316
151318
151320
151321
151322
151323
151324
151326
151328
151330
151332
151333
151334
151335
151336
151345
151346
151347
151348
151357
151358
151359
151360
151362
151364
151366
151368
151369
151370
151371
151372
151374
151376
151378
151380
151381
151382
151383
151384
151393
151394
151395
151396
151403
151404
151405
151407
151409
151411
151413
151414
151415
151416
151417
151419
151420
151422
151423
151424
151425
151426
151435
151436
151437
151438
151447
151448
151449
151450
151452
151454
151456
151458
151459
151460
151461
151462
151464
151466
151468
151470
151471
151472
151473
151474
151483
151484
151485
151486
151495
151496
151497
151498
151500
151502
151504
151506
151507
151508
151509
151510
151512
151514
151516
151518
151519
151520
151521
151522
151531
151532
151533
151534
151543
151544
151545
151546
151548
151550
151552
151554
151555
151556
151557
151558
151560
151562
151564
151566
151567
151568
151569
151570
151579
151580
151581
151582
151589
151590
151591
151593
151595
151597
151599
151600
151601
151602
151603
151605
151606
151608
151609
151610
151611
151612
151615
151619
151622
151626
151629
151632
151635
151638
151639
151643
151646
151650
151653
151656
151659
151662
151765
151769
151772
151776
151779
151782
151784
151787
151886
151889
151891
151894
151896
151897
151899
151900
151901
151905
151908
151912
151915
151918
151920
151923
152022
152025
152027
152030
152032
152033
152035
152036
152037
152041
152044
152048
152051
152054
152056
152059
152158
152161
152163
152166
152168
152169
152171
152172
152173
152177
152180
152184
152187
152190
152192
152195
152294
152297
152299
152302
152304
152305
152307
152308
152309
152313
152316
152320
152323
152326
152328
152331
152430
152433
152435
152438
152440
152441
152443
152444
152470
152472
152474
152476
152478
152480
152482
152484
152549
152552
152555
152558
152561
152564
152567
152570
152606
152608
152610
152612
152614
152616
152618
152620
152685
152688
152691
152694
152697
152700
152703
152706
152742
152744
152746
152748
152750
152752
152754
152756
152821
152824
152827
152830
152833
152836
152839
152842
152878
152880
152882
152884
152886
152888
152890
152892
152957
152960
152963
152966
152969
152972
152975
152978
153014
153016
153018
153020
153022
153024
153026
153028
153093
153096
153099
153102
153105
153108
153111
153114
153150
153152
153154
153156
153158
153160
153162
153164
153229
153232
153235
153238
153241
153244
153247
153250
153286
153288
153290
153292
153294
153296
153298
153300
153365
153368
153371
153374
153377
153380
153383
153386
153422
153424
153426
153428
153430
153432
153434
153436
153501
153504
153507
153510
153513
153516
153519
153522
153558
153560
153562
153564
153566
153568
153570
153572
153637
153640
153643
153646
153649
153652
153655
153658
153694
153696
153698
153700
153702
153704
153706
153708
153773
153776
153779
153782
153785
153788
153791
153794
153805
153808
153811
153814
153817
153820
153823
153826
153926
153928
153930
153932
153934
153936
153938
153940
153941
153944
153947
153950
153953
153956
153959
153962
154062
154064
154066
154068
154070
154072
154074
154076
154077
154080
154083
154086
154089
154092
154095
154098
154198
154200
154202
154204
154206
154208
154210
154212
154213
154216
154219
154222
154225
154228
154230
154233
154320
154322
154324
154326
154328
154329
154331
154332
154333
154334
154335
154336
154337
154338
154339
154340
154341
154342
154343
154344
154345
154346
154347
154348
154349
154350
154351
154352
154353
154354
154355
154356
154357
154358
154359
154360
154361
154362
154363
154364
154365
154366
154367
154368
154369
154370
154371
154372
154373
154374
154375
154376
154377
154378
154379
154380
154381
154382
154383
154384
154385
154386
154387
154388
154389
154390
154391
154392
154393
154394
154395
154396
154397
154398
154399
154400
154401
154402
154403
154404
154405
154406
154407
154408
154409
154410
154411
154412
154413
154414
154415
154416
154417
154418
154419
154420
154421
154422
154423
154424
154425
154426
154427
154428
154429
154430
154431
154432
154433
154434
154435
154436
154437
154438
154439
154440
154441
154442
154443
154444
154445
154446
154447
154448
154449
154450
154451
154452
154453
154454
154455
154456
154457
154458
154459
154460
154461
154462
154463
154464
154465
154466
154467
154468
154469
154470
154471
154472
154473
154474
154475
154476
154477
154478
154479
154480
154481
154482
154483
154484
154485
154486
154487
154488
154489
154490
154491
154492
154493
154494
154495
154496
154497
154498
154499
154500
154501
154502
154503
154504
154505
154506
154507
154508
154509
154510
154511
154512
154513
154514
154515
154516
154517
154518
154519
154520
154521
154522
154523
154524
154525
154526
154527
154528
154529
154530
154531
154532
154533
154534
154535
154536
154537
154538
154539
154540
154541
154542
154543
154544
154545
154546
154547
154548
154549
154550
154551
154552
154553
154554
154555
154556
154557
154558
154559
154560
154561
154562
154563
154564
154565
154566
154567
154568
154569
154570
154571
154572
154573
154574
154575
154576
154577
154578
154579
154580
154581
154582
154583
154584
154585
154586
154587
154588
154589
154590
154591
154592
154593
154594
154595
154596
154597
154598
154599
154600
154601
154602
154603
154604
154605
154606
154607
154608
154609
154610
154611
154612
154613
154614
154615
154616
154617
154618
154619
154620
154621
154622
154623
154624
154625
154626
154627
154628
154629
154630
154631
154632
154633
154634
154635
154636
154637
154638
154639
154640
154641
154642
154643
154644
154645
154646
154647
154648
154649
154650
154651
154652
154653
154654
154655
154656
154657
154658
154659
154660
154661
154662
154663
154664
154665
154666
154667
154668
154669
154670
154671
154672
154673
154674
154675
154676
154677
154678
154679
154680
154681
154682
154683
154684
154685
154686
154687
154688
154689
154690
154691
154692
154693
154694
154695
154696
154697
154698
154699
154700
154701
154702
154703
154704
154705
154706
154707
154708
154709
154710
154711
154712
154713
154714
154715
154716
154717
154718
154719
154720
154721
154722
154723
154724
154725
154726
154727
154728
154729
154730
154731
154732
154733
154734
154735
154736
154737
154738
154739
154740
154741
154742
154743
154744
154745
154746
154747
154748
154749
154750
154751
154752
154753
154754
154755
154756
154757
154758
154759
154760
154761
154762
154763
154764
154765
154766
154767
154768
154769
154770
154771
154772
154773
154774
154775
154776
154777
154778
154779
154780
154781
154782
154783
154784
154785
154786
154787
154788
154789
154790
154791
154792
154793
154794
154795
154796
154797
154798
154799
154800
154801
154802
154803
154804
154805
154806
154807
154808
154809
154810
154811
154812
154813
154814
154815
154816
154817
154818
154819
154820
154821
154822
154823
154824
154825
154826
154827
154828
154829
154830
154831
154832
154833
154834
154835
154836
154837
154838
154839
154840
154841
154842
154843
154844
154845
154846
154847
154848
154849
154850
154851
154852
154853
154854
154855
154856
154857
154858
154859
154860
154861
154862
154863
154864
154865
154866
154867
154868
154869
154870
154871
154872
154873
154874
154875
154876
154877
154878
154879
154880
154881
154882
154883
154884
154885
154886
154887
154888
154889
154890
154891
154892
154893
154894
154895
154896
154897
154898
154899
154900
154901
154902
154903
154904
154905
154906
154907
154908
154909
154910
154911
154912
154913
154914
154915
154916
154917
154918
154919
154920
154921
154922
154923
154924
154925
154926
154927
154928
154929
154930
154931
154932
154933
154934
154935
154936
154937
154938
154939
154940
154941
154942
154943
154944
154945
154946
154947
154948
154949
154950
154951
154952
154953
154954
154955
154956
154957
154958
154959
154960
154961
154962
154963
154964
154965
154966
154967
154968
154969
154970
154971
154972
154973
154974
154975
154976
154977
154978
154979
154980
154981
154982
154983
154984
154985
154986
154987
154988
154989
154990
154991
154992
154993
154994
154995
154996
154997
154998
154999
155000
155001
155002
155003
155004
155005
155006
155007
155008
155009
155010
155011
155012
155013
155014
155015
155016
155017
155018
155019
155020
155021
155022
155023
155024
155025
155026
155027
155028
155029
155030
155031
155032
155033
155034
155035
155036
155037
155038
155039
155040
155041
155042
155043
155044
155045
155046
155047
155048
155049
155050
155051
155052
155053
155054
155055
155056
155057
155058
155059
155060
155061
155062
155063
155064
155065
155066
155067
155068
155069
155070
155071
155072
155073
155074
155075
155076
155077
155078
155079
155080
155081
155082
155083
155084
155085
155086
155087
155088
155089
155090
155091
155092
155093
155094
155095
155096
155097
155098
155099
155100
155101
155102
155103
155104
155105
155106
155107
155108
155109
155110
155111
155112
155113
155114
155115
155116
155117
155118
155119
155120
155121
155122
155123
155124
155125
155126
155127
155128
155129
155130
155131
155132
155133
155134
155135
155136
155137
155138
155139
155140
155141
155142
155143
155144
155145
155146
155147
155148
155149
155150
155151
155152
155153
155154
155155
155156
155157
155158
155159
155160
155161
155162
155163
155164
155165
155166
155167
155168
155169
155170
155171
155172
155173
155174
155175
155176
155177
155178
155179
155180
155181
155182
155183
155184
155185
155186
155187
155188
155189
155190
155191
155192
155193
155194
155195
155196
155197
155198
155199
155200
155201
155202
155203
155204
155205
155206
155207
155208
155209
155210
155211
155212
155213
155214
155215
155216
155217
155218
155219
155220
155221
155222
155223
155224
155225
155226
155227
155228
155229
155230
155231
155232
155233
155234
155235
155236
155237
155238
155239
155240
155241
155242
155243
155244
155245
155246
155247
155248
155249
155250
155251
155252
155253
155254
155255
155256
155257
155258
155259
155260
155261
155262
155263
155264
155265
155266
155267
155268
155269
155270
155271
155272
155273
155274
155275
155276
155277
155278
155279
155280
155281
155282
155283
155284
155285
155286
155287
155288
155289
155290
155291
155292
155293
155294
155295
155296
155297
155298
155299
155300
155301
155302
155303
155304
155305
155306
155307
155308
155309
155310
155311
155312
155313
155314
155315
155316
155317
155318
155319
155320
155321
155322
155323
155324
155325
155326
155327
155328
155329
155330
155331
155332
155333
155334
155335
155336
155337
155338
155339
155340
155341
155342
155343
155344
155345
155346
155347
155348
155349
155350
155351
155352
155353
155354
155355
155356
155357
155358
155359
155360
155361
155362
155363
155364
155365
155366
155367
155368
155369
155370
155371
155372
155373
155374
155375
155376
155377
155378
155379
155380
155381
155382
155383
155384
155385
155386
155387
155388
155389
155390
155391
155392
155393
155394
155395
155396
155397
155398
155399
155400
155401
155402
155403
155404
155405
155406
155407
155408
155409
155410
155411
155412
155413
155414
155415
155416
155417
155418
155419
155420
155421
155422
155423
155424
155425
155426
155427
155428
155429
155430
155431
155432
155433
155434
155435
155436
155437
155438
155439
155440
155441
155442
155443
155444
155445
155446
155447
155448
155449
155450
155451
155452
155453
155454
155455
155456
155457
155458
155459
155460
155461
155462
155463
155464
155465
155466
155467
155468
155469
155470
155471
155472
155473
155474
155475
155476
155477
155478
155479
155480
155481
155482
155483
155484
155485
155486
155487
155488
155489
155490
155491
155492
155493
155494
155495
155496
155497
155498
155499
155500
155501
155502
155503
155504
155505
155506
155507
155508
155509
155510
155511
155512
155513
155514
155515
155516
155517
155518
155519
155520
155521
155522
155523
155524
155525
155526
155527
155528
155529
155530
155531
155532
155533
155534
155535
155536
155537
155538
155539
155540
155541
155542
155543
155544
155545
155546
155547
155548
155549
155550
155551
155552
155553
155554
155555
155556
155557
155558
155559
155560
155561
155562
155563
155564
155565
155566
155567
155568
155569
155570
155571
155572
155573
155574
155575
155576
155577
155578
155579
155580
155581
155582
155583
155584
155585
155586
155587
155588
155589
155590
155591
155592
155593
155594
155595
155596
155597
155598
155599
155600
155601
155602
155603
155604
155605
155606
155607
155608
155609
155610
155611
155612
155613
155614
155615
155616
155617
155618
155619
155620
155621
155622
155623
155624
155625
155626
155627
155628
155629
155630
155631
155632
155633
155634
155635
155636
155637
155638
155639
155640
155641
155642
155643
155644
155645
155646
155647
155648
155649
155650
155651
155652
155653
155654
155655
155656
155657
155658
155659
155660
155661
155662
155663
155664
155665
155666
155667
155668
155669
155670
155671
155672
155673
155674
155675
155676
155677
155678
155679
155680
155681
155682
155683
155684
155685
155686
155687
155688
155689
155690
155691
155692
155723
155724
155725
155726
155727
155728
155729
155730
155731
155732
155733
155734
155735
155736
155737
155798
155799
155802
155804
155805
155808
155810
155811
155814
155816
155818
155820
155822
155824
155826
155852
155853
155854
155855
155856
155857
155858
155859
155860
155861
155862
155863
155912
155913
155916
155918
155919
155922
155924
155925
155928
155930
155932
155934
155960
155961
155962
155963
155964
155965
155966
155967
155968
155969
155970
155971
156020
156021
156024
156026
156027
156030
156032
156033
156036
156038
156040
156042
156068
156069
156070
156071
156072
156073
156074
156075
156076
156077
156078
156079
156128
156129
156132
156134
156135
156138
156140
156141
156144
156146
156148
156150
156176
156177
156178
156179
156180
156181
156182
156183
156184
156185
156186
156187
156236
156237
156240
156242
156243
156246
156248
156249
156252
156254
156256
156258
156284
156285
156286
156287
156288
156289
156290
156291
156292
156293
156294
156295
156344
156345
156348
156350
156351
156354
156356
156357
156360
156362
156364
156366
156368
156370
156372
156374
156376
156378
156380
156382
156384
156386
156388
156390
156464
156465
156466
156467
156468
156469
156470
156471
156472
156473
156474
156475
156476
156478
156480
156482
156484
156486
156488
156490
156492
156494
156496
156498
156572
156573
156574
156575
156576
156577
156578
156579
156580
156581
156582
156583
156584
156586
156588
156590
156592
156594
156596
156598
156600
156602
156604
156606
156680
156681
156682
156683
156684
156685
156686
156687
156688
156689
156690
156691
156692
156694
156696
156698
156700
156702
156704
156706
156708
156710
156712
156714
156788
156789
156790
156791
156792
156793
156794
156795
156796
156797
156798
156799
156800
156802
156804
156806
156808
156810
156812
156814
156816
156818
156820
156822
156896
156897
156898
156899
156900
156901
156902
156903
156904
156905
156906
156907
156908
156910
156912
156914
156916
156918
156920
156922
156924
156926
156928
156930
157004
157005
157006
157007
157008
157009
157010
157011
157012
157013
157014
157015
157040
157041
157042
157043
157044
157045
157046
157047
157048
157049
157050
157051
157100
157102
157104
157106
157108
157110
157112
157114
157116
157118
157120
157122
157148
157149
157150
157151
157152
157153
157154
157155
157156
157157
157158
157159
157208
157210
157212
157214
157216
157218
157220
157222
157224
157226
157228
157230
157256
157257
157258
157259
157260
157261
157262
157263
157264
157265
157266
157267
157316
157318
157320
157322
157324
157326
157328
157330
157332
157334
157336
157338
157364
157365
157366
157367
157368
157369
157370
157371
157372
157373
157374
157375
157424
157426
157428
157430
157432
157434
157436
157438
157440
157442
157444
157446
157448
157450
157452
157454
157456
157458
157460
157462
157464
157466
157468
157470
157544
157545
157546
157547
157548
157549
157550
157551
157552
157553
157554
157555
157556
157558
157560
157562
157564
157566
157568
157570
157572
157574
157576
157578
157652
157653
157654
157655
157656
157657
157658
157659
157660
157661
157662
157663
157664
157666
157668
157670
157672
157674
157676
157678
157680
157682
157684
157686
157760
157761
157762
157763
157764
157765
157766
157767
157768
157769
157770
157771
157772
157774
157776
157778
157780
157782
157784
157786
157788
157844
157845
157846
157847
157848
157849
157850
157851
157852
157853
157854
157857
157859
157860
157863
157865
157866
157869
157871
157873
157875
157877
157879
157881
157913
157914
157915
157916
157917
157918
157919
157920
157921
157922
157923
157924
157925
157926
157927
158012
158013
158014
158015
158016
158017
158018
158019
158020
158021
158022
158023
158072
158073
158076
158078
158079
158082
158084
158085
158088
158090
158092
158094
158120
158121
158122
158123
158124
158125
158126
158127
158128
158129
158130
158131
158180
158181
158184
158186
158187
158190
158192
158193
158196
158198
158200
158202
158228
158229
158230
158231
158232
158233
158234
158235
158236
158237
158238
158239
158288
158289
158292
158294
158295
158298
158300
158301
158304
158306
158308
158310
158336
158337
158338
158339
158340
158341
158342
158343
158344
158345
158346
158347
158396
158397
158400
158402
158403
158406
158408
158409
158412
158414
158416
158418
158444
158445
158446
158447
158448
158449
158450
158451
158452
158453
158454
158455
158504
158505
158508
158510
158511
158514
158516
158517
158520
158522
158524
158526
158528
158530
158532
158534
158536
158538
158540
158542
158544
158546
158548
158550
158624
158625
158626
158627
158628
158629
158630
158631
158632
158633
158634
158635
158636
158638
158640
158642
158644
158646
158648
158650
158652
158654
158656
158658
158732
158733
158734
158735
158736
158737
158738
158739
158740
158741
158742
158743
158744
158746
158748
158750
158752
158754
158756
158758
158760
158762
158764
158766
158840
158841
158842
158843
158844
158845
158846
158847
158848
158849
158850
158851
158852
158854
158856
158858
158860
158862
158864
158866
158868
158870
158872
158874
158948
158949
158950
158951
158952
158953
158954
158955
158956
158957
158958
158959
158960
158962
158964
158966
158968
158970
158972
158974
158976
158978
158980
158982
159056
159057
159058
159059
159060
159061
159062
159063
159064
159065
159066
159067
159068
159070
159072
159074
159076
159078
159080
159082
159084
159086
159088
159090
159164
159165
159166
159167
159168
159169
159170
159171
159172
159173
159174
159175
159200
159201
159202
159203
159204
159205
159206
159207
159208
159209
159210
159211
159260
159262
159264
159266
159268
159270
159272
159274
159276
159278
159280
159282
159308
159309
159310
159311
159312
159313
159314
159315
159316
159317
159318
159319
159368
159370
159372
159374
159376
159378
159380
159382
159384
159386
159388
159390
159416
159417
159418
159419
159420
159421
159422
159423
159424
159425
159426
159427
159476
159478
159480
159482
159484
159486
159488
159490
159492
159494
159496
159498
159524
159525
159526
159527
159528
159529
159530
159531
159532
159533
159534
159535
159584
159586
159588
159590
159592
159594
159596
159598
159600
159602
159604
159606
159608
159610
159612
159614
159616
159618
159620
159622
159624
159626
159628
159630
159704
159705
159706
159707
159708
159709
159710
159711
159712
159713
159714
159715
159716
159718
159720
159722
159724
159726
159728
159730
159732
159734
159736
159738
159812
159813
159814
159815
159816
159817
159818
159819
159820
159821
159822
159823
159824
159826
159828
159830
159832
159834
159836
159838
159840
159842
159844
159846
159920
159921
159922
159923
159924
159925
159926
159927
159928
159929
159930
159931
159932
159934
159936
159938
159940
159942
159944
159946
159948
160004
160005
160006
160007
160008
160009
160010
160011
160012
160013
160014
160017
160019
160020
160023
160025
160026
160029
160031
160033
160035
160037
160039
160041
160043
160045
160047
160049
160051
160053
160055
160057
160059
160061
160063
160065
160067
160069
160071
160073
160075
160077
160079
160081
160083
160085
160087
160089
160093
160094
160096
160099
160100
160102
160105
160106
160108
160110
160112
160114
160117
160118
160120
160123
160124
160126
160129
160130
160132
160134
160136
160138
160166
160167
160168
160169
160170
160171
160172
160173
160174
160175
160176
160177
160553
160554
160555
160556
160557
160558
160559
160560
160561
160562
160563
160564
160565
160566
160567
160628
160629
160630
160631
160632
160633
160634
160635
160636
160637
160638
160639
160640
160641
160642
160643
160644
160645
160646
160647
160648
160649
160650
160651
160652
160653
160654
160655
160656
160657
160658
160659
160660
160661
160662
160663
160664
160665
160666
160667
160668
160669
160670
160671
160672
160673
160674
160675
160676
160677
160678
160679
160680
160681
160682
160683
160684
160685
160686
160687
160712
160713
160714
160715
160716
160717
160718
160719
160720
160721
160722
160723
160784
160785
160786
160787
160788
160789
160790
160791
160792
160793
160794
160795
160868
160869
160870
160871
160872
160873
160874
160875
160876
160877
160878
160879
160892
160893
160894
160895
160896
160897
160898
160899
160900
160901
160902
160903
160976
160977
160978
160979
160980
160981
160982
160983
160984
160985
160986
160987
161000
161001
161002
161003
161004
161005
161006
161007
161008
161009
161010
161011
161192
161194
161196
161198
161200
161202
161204
161206
161208
161210
161212
161214
161216
161218
161220
161222
161224
161226
161228
161230
161232
161234
161236
161238
161240
161242
161244
161246
161248
161250
161252
161254
161256
161258
161260
161262
161264
161265
161268
161270
161271
161274
161276
161277
161280
161282
161284
161286
161288
161290
161292
161294
161296
161298
161300
161302
161304
161306
161308
161310
161312
161314
161316
161318
161320
161322
161324
161326
161328
161330
161332
161334
161576
161578
161580
161582
161584
161586
161588
161590
161592
161594
161596
161598
161600
161602
161604
161606
161608
161610
161612
161614
161616
161618
161620
161622
161624
161626
161628
161630
161632
161634
161636
161638
161640
161642
161644
161646
161648
161650
161652
161654
161656
161658
161660
161662
161664
161666
161668
161670
161672
161673
161676
161678
161679
161682
161684
161685
161688
161690
161692
161694
161696
161698
161700
161702
161704
161706
161708
161710
161712
161714
161716
161718
161720
161722
161724
161726
161728
161730
161732
161734
161736
161738
161740
161742
161744
161746
161748
161750
161752
161754
161756
161758
161760
161762
161764
161766
162005
162006
162007
162008
162009
162010
162011
162012
162013
162014
162015
162016
162029
162030
162031
162032
162033
162034
162035
162036
162037
162038
162039
162040
162053
162054
162055
162056
162057
162058
162059
162060
162061
162062
162063
162064
162074
162075
162076
162077
162078
162079
162080
162081
162082
162095
162096
162097
162098
162099
162100
162101
162102
162103
162104
162105
162106
162119
162120
162121
162122
162123
162124
162125
162126
162127
162128
162129
162130
162143
162144
162145
162146
162147
162148
162149
162150
162151
162152
162153
162154
162164
162165
162166
162167
162168
162169
162170
162171
162172
162175
162176
162178
162181
162182
162184
162186
162188
162190
162192
162193
162194
162197
162199
162200
162203
162205
162207
162209
162211
162263
162264
162267
162269
162270
162273
162275
162277
162327
162328
162329
162330
162331
162332
162333
162334
162335
162336
162339
162341
162342
162345
162347
162349
162399
162400
162401
162402
162403
162404
162405
162406
162407
162408
162411
162413
162414
162417
162419
162421
162471
162472
162473
162474
162475
162476
162477
162478
162479
162480
162483
162485
162486
162489
162491
162493
162543
162544
162545
162546
162547
162548
162549
162550
162551
162552
162555
162557
162558
162561
162563
162565
162615
162616
162617
162618
162619
162620
162621
162622
162639
162640
162641
162642
162643
162644
162645
162646
162679
162681
162683
162685
162687
162689
162691
162693
162711
162712
162713
162714
162715
162716
162717
162718
162751
162753
162755
162757
162759
162761
162763
162765
162783
162784
162785
162786
162787
162788
162789
162790
162823
162825
162827
162829
162831
162833
162835
162837
162855
162856
162857
162858
162859
162860
162861
162862
162895
162897
162899
162901
162903
162905
162907
162909
162927
162928
162929
162930
162931
162932
162933
162934
162967
162969
162971
162973
162975
162977
162979
162981
162999
163000
163001
163002
163003
163004
163005
163006
163039
163041
163043
163045
163047
163049
163051
163053
163071
163072
163073
163074
163075
163076
163077
163078
163111
163113
163115
163117
163119
163121
163123
163125
163143
163144
163145
163146
163147
163148
163149
163150
163183
163185
163187
163189
163191
163193
163195
163197
163215
163216
163217
163218
163219
163220
163221
163222
163255
163257
163259
163261
163263
163265
163267
163269
163287
163288
163289
163290
163291
163292
163293
163294
163327
163329
163331
163333
163335
163337
163339
163341
163343
163345
163347
163349
163351
163353
163355
163357
163407
163408
163409
163410
163411
163412
163413
163414
163415
163417
163419
163421
163423
163425
163427
163429
163479
163480
163481
163482
163483
163484
163485
163486
163487
163489
163491
163493
163495
163497
163499
163501
163551
163552
163553
163554
163555
163556
163557
163558
163559
163561
163563
163565
163567
163569
163607
163608
163609
163610
163611
163612
