34561
34562
34563
34564
34565
34566
34587
34588
34589
34590
34609
34610
34611
34612
34613
34614
34635
34636
34637
34638
34658
34660
34662
34684
34686
34706
34708
34710
34732
34734
34754
34756
34758
34780
34782
34802
34804
34806
34828
34830
34850
34852
34854
34876
34878
34945
34946
34947
34948
34949
34950
34971
34972
34994
34996
34998
35020
35042
35044
35046
35068
35090
35092
35094
35116
35138
35140
35142
35164
35186
35188
35190
35212
35234
35236
35238
35260
35282
35284
35286
35308
35329
35330
35331
35332
35333
35334
35355
35356
35378
35380
35382
35404
35426
35428
35430
35452
35474
35476
35478
35500
35522
35524
35526
35548
35570
35572
35574
35596
35618
35620
35622
35644
35666
35668
35670
35692
35713
35714
35715
35716
35717
35718
35739
35740
35762
35764
35766
35788
35810
35812
35814
35836
35858
35860
35862
35884
35906
35908
35910
35932
35954
35956
35958
35980
36002
36004
36006
36028
36050
36052
36054
36076
36097
36098
36099
36100
36101
36102
36123
36124
36146
36148
36150
36172
36194
36196
36198
36220
36242
36244
36246
36268
36290
36292
36294
36316
36338
36340
36342
36364
36386
36388
36390
36412
36434
36436
36438
36460
36481
36482
36483
36484
36485
36486
36507
36508
36530
36532
36534
36556
36578
36580
36582
36604
36626
36628
36630
36652
36674
36676
36678
36700
36722
36724
36726
36748
36770
36772
36774
36796
36818
36820
36822
36844
36867
36868
36869
36870
36891
36892
36893
36894
36916
36918
36940
36942
36963
36964
36965
36966
36987
36988
36989
36990
37059
37060
37061
37062
37083
37084
37085
37086
37155
37156
37157
37158
37179
37180
37181
37182
37251
37252
37253
37254
37275
37276
37277
37278
37300
37302
37324
37326
37347
37348
37349
37350
37371
37372
37373
37374
37443
37444
37445
37446
37467
37468
37469
37470
37539
37540
37541
37542
37563
37564
37565
37566
37635
37636
37637
37638
37659
37660
37661
37662
37684
37686
37708
37710
37731
37732
37733
37734
37755
37756
37757
37758
37827
37828
37829
37830
37851
37852
37853
37854
37923
37924
37925
37926
37947
37948
37949
37950
38019
38020
38021
38022
38043
38044
38045
38046
38068
38070
38092
38094
38115
38116
38117
38118
38139
38140
38141
38142
38211
38212
38213
38214
38235
38236
38237
38238
38307
38308
38309
38310
38331
38332
38333
38334
38403
38404
38405
38406
38427
38428
38429
38430
38452
38454
38476
38478
38499
38500
38501
38502
38523
38524
38525
38526
38595
38596
38597
38598
38619
38620
38621
38622
38691
38692
38693
38694
38715
38716
38717
38718
38787
38788
38789
38790
38811
38812
38813
38814
38836
38838
38860
38862
38883
38884
38885
38886
38907
38908
38909
38910
38979
38980
38981
38982
39003
39004
39005
39006
39075
39076
39077
39078
39099
39100
39101
39102
39171
39172
39173
39174
39195
39196
39197
39198
39220
39222
39244
39246
39267
39268
39269
39270
39291
39292
39293
39294
39363
39364
39365
39366
39387
39388
39389
39390
39459
39460
39461
39462
39483
39484
39485
39486
39555
39556
39557
39558
39579
39580
39581
39582
39604
39606
39628
39630
39651
39652
39653
39654
39675
39676
39677
39678
39747
39748
39749
39750
39771
39772
39773
39774
39843
39844
39845
39846
39867
39868
39869
39870
39939
39940
39941
39942
39963
39964
39965
39966
39988
39990
40012
40014
40035
40036
40037
40038
40059
40060
40061
40062
40131
40132
40133
40134
40155
40156
40157
40158
40227
40228
40229
40230
40251
40252
40253
40254
40323
40324
40325
40326
40347
40348
40349
40350
40372
40374
40396
40398
40419
40420
40421
40422
40443
40444
40445
40446
40515
40516
40517
40518
40539
40540
40541
40542
40611
40612
40613
40614
40635
40636
40637
40638
40707
40708
40709
40710
40731
40732
40733
40734
40756
40758
40780
40782
40804
40806
40828
40830
40852
40854
40876
40878
40900
40902
40924
40926
40948
40950
40972
40974
40996
40998
41020
41022
41044
41046
41068
41070
41091
41092
41093
41094
41115
41116
41117
41118
41140
41142
41164
41166
41188
41190
41212
41214
41236
41238
41260
41262
41284
41286
41308
41310
41332
41334
41356
41358
41380
41382
41404
41406
41428
41430
41452
41454
41475
41476
41477
41478
41499
41500
41501
41502
41524
41526
41548
41550
41572
41574
41596
41598
41620
41622
41644
41646
41668
41670
41692
41694
41716
41718
41740
41742
41764
41766
41788
41790
41812
41814
41836
41838
41859
41860
41861
41862
41883
41884
41908
41910
41932
41956
41958
41980
42004
42006
42028
42052
42054
42076
42100
42102
42124
42148
42150
42172
42196
42198
42220
82753
82754
82755
82756
82757
82758
82875
82876
82877
82878
82996
82998
83056
83058
83116
83118
83176
83178
83288
83290
83292
83348
83350
83352
83410
83412
83470
83472
83529
83530
83531
83532
83649
83650
83651
83652
83715
83716
83717
83718
83835
83836
83837
83838
83956
83958
84016
84018
84076
84078
84136
84138
84193
84194
84195
84196
84197
84198
84315
84316
84317
84318
84434
84436
84438
84494
84496
84498
84556
84558
84616
84618
84673
84674
84675
84676
84677
84678
84795
84796
84797
84798
84914
84916
84918
84974
84976
84978
85036
85038
85096
85098
85155
85156
85157
85158
85275
85276
85277
85278
85396
85398
85456
85458
85516
85518
85576
85578
86211
86212
86213
86214
86259
86260
86261
86262
86308
86310
86332
86334
86356
86358
86380
86382
86403
86404
86405
86406
86451
86452
86500
86502
86524
86526
86548
86572
86787
86788
86789
86790
86835
86836
86884
86886
86908
86910
86932
86956
86979
86980
86981
86982
87027
87028
87076
87078
87100
87102
87124
87148
95911
95912
95913
95914
95915
95916
96033
96034
96035
96036
96152
96154
96156
96212
96214
96216
96274
96276
96334
96336
96392
96394
96396
96452
96454
96456
96514
96516
96574
96576
96631
96632
96633
96634
96635
96636
96753
96754
96755
96756
96818
96820
96822
96878
96880
96882
96940
96942
97000
97002
97057
97058
97059
97060
97061
97062
97179
97180
97181
97182
97298
97300
97302
97358
97360
97362
97420
97422
97480
97482
97537
97538
97539
97540
97541
97542
97659
97660
97661
97662
97778
97780
97782
97802
97804
97806
97828
97830
97852
97854
97873
97874
97875
97876
97877
97878
97923
97924
97970
97972
97974
97994
97996
97998
98020
98044
98067
98068
98069
98070
98115
98116
98164
98166
98188
98190
98212
98236
98259
98260
98261
98262
98307
98308
98740
98742
98764
98766
98788
98812
98835
98836
98837
98838
98883
98884
98932
98934
98956
98958
98980
99004
99027
99028
99029
99030
99075
99076
99316
99318
99340
99342
99364
99388
99411
99412
99413
99414
99459
99460
154333
154334
154335
154336
154337
154338
154339
154340
154341
154342
154343
154344
154345
154346
154347
154348
154349
154350
154351
154352
154353
154354
154355
154356
154357
154358
154359
154360
154361
154362
154363
154364
154365
154366
154367
154368
154369
154370
154371
154372
154373
154374
154375
154376
154377
154378
154379
154380
154381
154382
154383
154384
154385
154386
154387
154388
154389
154390
154391
154392
154393
154394
154395
154396
154397
154398
154399
154400
154401
154402
154403
154404
154405
154406
154407
154408
154409
154410
154411
154412
154413
154414
154415
154416
154417
154418
154419
154420
154421
154422
154423
154424
154425
154426
154427
154428
154429
154430
154431
154432
154433
154434
154435
154436
154437
154438
154439
154440
154441
154442
154443
154444
154445
154446
154447
154448
154449
154450
154451
154452
154453
154454
154455
154456
154457
154458
154459
154460
154461
154462
154463
154464
154465
154466
154467
154468
154469
154470
154471
154472
154473
154474
154475
154476
154477
154478
154479
154480
154481
154482
154483
154484
154485
154486
154487
154488
154489
154490
154491
154492
154493
154494
154495
154496
154497
154498
154499
154500
154501
154502
154503
154504
154505
154506
154507
154508
154509
154510
154511
154512
154513
154514
154515
154516
154517
154518
154519
154520
154521
154522
154523
154524
154525
154526
154527
154528
154529
154530
154531
154532
154533
154534
154535
154536
154537
154538
154539
154540
154541
154542
154543
154544
154545
154546
154547
154548
154549
154550
154551
154552
154553
154554
154555
154556
154557
154558
154559
154560
154561
154562
154563
154564
154565
154566
154567
154568
154569
154570
154571
154572
154573
154574
154575
154576
154577
154578
154579
154580
154581
154582
154583
154584
154585
154586
154587
154588
154589
154590
154591
154592
154593
154594
154595
154596
154597
154598
154599
154600
154601
154602
154603
154604
154605
154606
154607
154608
154609
154610
154611
154612
154613
154614
154615
154616
154617
154618
154619
154620
154621
154622
154623
154624
154625
154626
154627
154628
154629
154630
154631
154632
154633
154634
154635
154636
154637
154638
154639
154640
154641
154642
154643
154644
154645
154646
154647
154648
154649
154650
154651
154652
154653
154654
154655
154656
154657
154658
154659
154660
154661
154662
154663
154664
154665
154666
154667
154668
154669
154670
154671
154672
154673
154674
154675
154676
154677
154678
154679
154680
154681
154682
154683
154684
154685
154686
154687
154688
154689
154690
154691
154692
154693
154694
154695
154696
154697
154698
154699
154700
154701
154702
154703
154704
154705
154706
154707
154708
154709
154710
154711
154712
154713
154714
154715
154716
154717
154718
154719
154720
154721
154722
154723
154724
154725
154726
154727
154728
154729
154730
154731
154732
154733
154734
154735
154736
154737
154738
154739
154740
154741
154742
154743
154744
154745
154746
154747
154748
154749
154750
154751
154752
154753
154754
154755
154756
154757
154758
154759
154760
154761
154762
154763
154764
154765
154766
154767
154768
154769
154770
154771
154772
154773
154774
154775
154776
154777
154778
154779
154780
154781
154782
154783
154784
154785
154786
154787
154788
154789
154790
154791
154792
154793
154794
154795
154796
154797
154798
154799
154800
154801
154802
154803
154804
154805
154806
154807
154808
154809
154810
154811
154812
154813
154814
154815
154816
154817
154818
154819
154820
154821
154822
154823
154824
154825
154826
154827
154828
154829
154830
154831
154832
154833
154834
154835
154836
154837
154838
154839
154840
154841
154842
154843
154844
154845
154846
154847
154848
154849
154850
154851
154852
154853
154854
154855
154856
154857
154858
154859
154860
154861
154862
154863
154864
154865
154866
154867
154868
154869
154870
154871
154872
154873
154874
154875
154876
154877
154878
154879
154880
154881
154882
154883
154884
154885
154886
154887
154888
154889
154890
154891
154892
154893
154894
154895
154896
154897
154898
154899
154900
154901
154902
154903
154904
154905
154906
154907
154908
154909
154910
154911
154912
154913
154914
154915
154916
154917
154918
154919
154920
154921
154922
154923
154924
154925
154926
154927
154928
154929
154930
154931
154932
154933
154934
154935
154936
154937
154938
154939
154940
154941
154942
154943
154944
154945
154946
154947
154948
154949
154950
154951
154952
154953
154954
154955
154956
154957
154958
154959
154960
154961
154962
154963
154964
154965
154966
154967
154968
154969
154970
154971
154972
154973
154974
154975
154976
154977
154978
154979
154980
154981
154982
154983
154984
154985
154986
154987
154988
154989
154990
154991
154992
154993
154994
154995
154996
154997
154998
154999
155000
155001
155002
155003
155004
155005
155006
155007
155008
155009
155010
155011
155012
155013
155014
155015
155016
155017
155018
155019
155020
155021
155022
155023
155024
155025
155026
155027
155028
155029
155030
155031
155032
155033
155034
155035
155036
155037
155038
155039
155040
155041
155042
155043
155044
155045
155046
155047
155048
155049
155050
155051
155052
155053
155054
155055
155056
155057
155058
155059
155060
155061
155062
155063
155064
155065
155066
155067
155068
155069
155070
155071
155072
155073
155074
155075
155076
155077
155078
155079
155080
155081
155082
155083
155084
155085
155086
155087
155088
155089
155090
155091
155092
155093
155094
155095
155096
155097
155098
155099
155100
155101
155102
155103
155104
155105
155106
155107
155108
155109
155110
155111
155112
155113
155114
155115
155116
155117
155118
155119
155120
155121
155122
155123
155124
155125
155126
155127
155128
155129
155130
155131
155132
155133
155134
155135
155136
155137
155138
155139
155140
155141
155142
155143
155144
155145
155146
155147
155148
155149
155150
155151
155152
155153
155154
155155
155156
155157
155158
155159
155160
155161
155162
155163
155164
155165
155166
155167
155168
155169
155170
155171
155172
155173
155174
155175
155176
155177
155178
155179
155180
155181
155182
155183
155184
155185
155186
155187
155188
155189
155190
155191
155192
155193
155194
155195
155196
155197
155198
155199
155200
155201
155202
155203
155204
155205
155206
155207
155208
155209
155210
155211
155212
155213
155214
155215
155216
155217
155218
155219
155220
155221
155222
155223
155224
155225
155226
155227
155228
155229
155230
155231
155232
155233
155234
155235
155236
155237
155238
155239
155240
155241
155242
155243
155244
155245
155246
155247
155248
155249
155250
155251
155252
155253
155254
155255
155256
155257
155258
155259
155260
155261
155262
155263
155264
155265
155266
155267
155268
155269
155270
155271
155272
155273
155274
155275
155276
155277
155278
155279
155280
155281
155282
155283
155284
155285
155286
155287
155288
155289
155290
155291
155292
155293
155294
155295
155296
155297
155298
155299
155300
155301
155302
155303
155304
155305
155306
155307
155308
155309
155310
155311
155312
155313
155314
155315
155316
155317
155318
155319
155320
155321
155322
155323
155324
155325
155326
155327
155328
155329
155330
155331
155332
155333
155334
155335
155336
155337
155338
155339
155340
155341
155342
155343
155344
155345
155346
155347
155348
155349
155350
155351
155352
155353
155354
155355
155356
155357
155358
155359
155360
155361
155362
155363
155364
155365
155366
155367
155368
155369
155370
155371
155372
155373
155374
155375
155376
155377
155378
155379
155380
155381
155382
155383
155384
155385
155386
155387
155388
155389
155390
155391
155392
155393
155394
155395
155396
155397
155398
155399
155400
155401
155402
155403
155404
155405
155406
155407
155408
155409
155410
155411
155412
155413
155414
155415
155416
155417
155418
155419
155420
155421
155422
155423
155424
155425
155426
155427
155428
155429
155430
155431
155432
155433
155434
155435
155436
155437
155438
155439
155440
155441
155442
155443
155444
155445
155446
155447
155448
155449
155450
155451
155452
155453
155454
155455
155456
155457
155458
155459
155460
155461
155462
155463
155464
155465
155466
155467
155468
155469
155470
155471
155472
155473
155474
155475
155476
155477
155478
155479
155480
155481
155482
155483
155484
155485
155486
155487
155488
155489
155490
155491
155492
155493
155494
155495
155496
155497
155498
155499
155500
155501
155502
155503
155504
155505
155506
155507
155508
155509
155510
155511
155512
155513
155514
155515
155516
155517
155518
155519
155520
155521
155522
155523
155524
155525
155526
155527
155528
155529
155530
155531
155532
155533
155534
155535
155536
155537
155538
155539
155540
155541
155542
155543
155544
155545
155546
155547
155548
155549
155550
155551
155552
155553
155554
155555
155556
155557
155558
155559
155560
155561
155562
155563
155564
155565
155566
155567
155568
155569
155570
155571
155572
155573
155574
155575
155576
155577
155578
155579
155580
155581
155582
155583
155584
155585
155586
155587
155588
155589
155590
155591
155592
155593
155594
155595
155596
155597
155598
155599
155600
155601
155602
155603
155604
155605
155606
155607
155608
155609
155610
155611
155612
155613
155614
155615
155616
155617
155618
155619
155620
155621
155622
155623
155624
155625
155626
155627
155628
155629
155630
155631
155632
155633
155634
155635
155636
155637
155638
155639
155640
155641
155642
155643
155644
155645
155646
155647
155648
155649
155650
155651
155652
155653
155654
155655
155656
155657
155658
155659
155660
155661
155662
155663
155664
155665
155666
155667
155668
155669
155670
155671
155672
155673
155674
155675
155676
155677
155678
155679
155680
155681
155682
155683
155684
155685
155686
155687
155688
155689
155690
155691
155692
188193
188200
188202
188204
188205
188210
188212
188259
188261
188263
188273
188278
188280
188281
188286
188288
188324
188326
188335
188337
188340
188342
188365
188367
188370
188372
188395
188397
188400
188402
188425
188427
188430
188432
188486
188488
188489
188490
188492
188526
188528
188529
188530
188532
188557
188559
188560
188562
188587
188589
188590
188592
188634
188635
188637
188639
188640
188642
188651
188652
188694
188695
188697
188699
188700
188702
188711
188712
188713
188718
188720
188721
188726
188728
188764
188766
188773
188778
188780
188781
188786
188788
188824
188826
188835
188837
188840
188842
188865
188867
188870
188872
188895
188897
188900
188902
188925
188927
188930
188932
188953
188960
188962
188964
188965
188970
188972
189019
189021
189023
189033
189038
189040
189041
189046
189048
189084
189086
189096
189098
189100
189103
189105
189136
189138
189140
189143
189145
189175
189177
189180
189182
189205
189207
189210
189212
189233
189240
189242
189244
189245
189250
189252
189299
189301
189303
189313
189318
189320
189321
189326
189328
189364
189366
189376
189378
189380
189383
189385
189416
189418
189420
189423
189425
189455
189457
189460
189462
189485
189487
189490
189492
189513
189518
189520
189521
189526
189528
189564
189566
189573
189578
189580
189581
189586
189588
189624
189626
189635
189637
189640
189642
189665
189667
189670
189672
189695
189697
189700
189702
189725
189727
189730
189732
189957
189962
189964
189965
189970
189972
189978
189980
189981
189986
189988
189989
189994
189996
190002
190004
190007
190009
190012
190014
190019
190021
190024
190026
190031
190033
190036
190038
190043
190045
190048
190050
190053
190060
190063
190064
190069
190071
190080
190082
190083
190088
190090
190091
190094
190098
190102
190105
190108
190110
190117
190120
190123
190125
190131
190133
190135
190139
190141
190143
190209
190214
190216
190217
190222
190224
190230
190232
190233
190238
190240
190241
190246
190253
190257
190259
190262
190264
190269
190271
190274
190276
190281
190283
190286
190292
190294
190297
190301
190308
190311
190312
190317
190319
190328
190330
190331
190336
190338
190339
190342
190346
190350
190353
190356
190358
190365
190368
190371
190373
190379
190381
190383
190387
190389
190391
195716
195719
195721
195722
195724
195725
195727
195740
195741
195742
195784
195785
195787
195789
195790
195792
195801
195802
195836
195838
195839
195840
195842
195876
195878
195879
195880
195882
195907
195909
195910
195912
195937
195939
195940
195942
195976
195978
195979
195980
195982
196016
196018
196019
196020
196022
196047
196049
196050
196052
196077
196079
196080
196082
196136
196139
196141
196142
196144
196145
196147
196160
196161
196162
196204
196205
196207
196209
196210
196212
196221
196222
196226
196228
196230
196233
196235
196266
196268
196270
196273
196275
196305
196307
196310
196312
196335
196337
196340
196342
196363
196370
196372
196374
196375
196380
196382
196429
196431
196433
196443
196448
196450
196451
196456
196458
196494
196496
196506
196508
196510
196513
196515
196546
196548
196550
196553
196555
196585
196587
196590
196592
196615
196617
196620
196622
196643
196650
196652
196654
196655
196660
196662
196709
196711
196713
196723
196728
196730
196731
196736
196738
196774
196776
196786
196788
196790
196793
196795
196802
196804
196806
196809
196811
196817
196819
196822
196824
196829
196831
196834
196836
196839
196846
196848
196850
196851
196856
196858
196866
196868
196870
196871
196876
196878
196879
196882
196886
196890
196892
196894
196897
196899
196906
196908
196910
196913
196915
196921
196923
196926
196932
196934
196937
196941
196946
196948
196949
196954
196956
196962
196964
196965
196970
196972
196973
196978
196985
196990
196993
196996
196998
197005
197008
197011
197013
197019
197021
197023
197027
197029
197031
197033
197040
197043
197044
197049
197051
197060
197062
197063
197068
197070
197071
197074
197078
197210
197213
197216
197218
197225
197228
197231
197233
197239
197241
197243
197247
197249
197251
197253
197260
197263
197264
197269
197271
197280
197282
197283
197288
197290
197291
197294
197298
197301
197303
197306
197308
197313
197315
197318
197320
197325
197327
197330
197336
197338
197341
197345
197350
197352
197353
197358
197360
197366
197368
197369
197374
197376
197377
197382
197389
197458
197461
197464
197466
197473
197476
197479
197481
197487
197489
197491
197495
197497
197499
197501
197508
197511
197512
197517
197519
197528
197530
197531
197536
197538
197539
197542
197546
