74
76
78
80
82
84
92
94
96
104
106
108
112
114
118
120
130
132
142
144
650
652
654
656
658
660
668
670
672
680
682
684
688
694
706
718
1226
1228
1230
1232
1234
1236
1244
1246
1248
1256
1258
1260
1264
1270
1282
1294
1802
1804
1806
1808
1810
1812
1820
1822
1824
1832
1834
1836
1840
1846
1858
1870
2378
2380
2382
2384
2386
2388
2396
2398
2400
2408
2410
2412
2416
2422
2434
2446
2954
2956
2958
2960
2962
2964
2972
2974
2976
2984
2986
2988
2992
2998
3010
3022
3459
3461
3465
3467
3477
3479
3489
3491
3495
3497
3501
3503
3513
3515
3525
3527
4035
4037
4041
4043
4053
4055
4065
4067
4071
4073
4077
4079
4089
4091
4101
4103
4611
4613
4617
4619
4629
4631
4641
4643
4647
4649
4653
4655
4665
4667
4677
4679
5187
5189
5193
5195
5205
5207
5217
5219
5223
5225
5229
5231
5241
5243
5253
5255
5763
5765
5769
5771
5781
5783
5793
5795
5799
5801
5805
5807
5817
5819
5829
5831
6339
6341
6345
6347
6357
6359
6369
6371
6375
6377
6381
6383
6393
6395
6405
6407
6988
6990
6994
6996
7006
7008
7018
7020
7024
7026
7030
7032
7042
7044
7054
7056
7564
7566
7570
7572
7582
7584
7594
7596
7600
7602
7606
7608
7618
7620
7630
7632
8140
8142
8146
8148
8158
8160
8170
8172
8176
8178
8182
8184
8194
8196
8206
8208
8716
8718
8722
8724
8734
8736
8746
8748
8752
8754
8758
8760
8770
8772
8782
8784
9219
9221
9225
9227
9237
9239
9249
9251
9255
9257
9261
9263
9273
9275
9285
9287
9795
9797
9801
9803
9813
9815
9825
9827
9831
9833
9837
9839
9849
9851
9861
9863
10371
10373
10377
10379
10389
10391
10401
10403
10407
10409
10413
10415
10425
10427
10437
10439
10947
10949
10953
10955
10965
10967
10977
10979
10983
10989
11001
11013
34609
34611
34613
34615
34617
34619
34635
34637
34641
34643
34945
34947
34949
34951
34953
34955
34971
34977
35329
35331
35333
35335
35337
35339
35355
35361
35713
35715
35717
35719
35721
35723
35739
35745
36097
36099
36101
36103
36105
36107
36123
36129
36481
36483
36485
36487
36489
36491
36507
36513
36916
36918
36922
36924
36940
36942
36946
36948
37300
37302
37306
37308
37324
37326
37330
37332
37684
37686
37690
37692
37708
37710
37714
37716
38068
38070
38074
38076
38092
38094
38098
38100
38452
38454
38458
38460
38476
38478
38482
38484
38836
38838
38842
38844
38860
38862
38866
38868
39220
39222
39226
39228
39244
39246
39250
39252
39604
39606
39610
39612
39628
39630
39634
39636
39988
39990
39994
39996
40012
40014
40018
40020
40372
40374
40378
40380
40396
40398
40402
40404
40707
40709
40713
40715
40731
40733
40737
40739
41091
41093
41097
41099
41115
41117
41121
41123
41475
41477
41481
41483
41499
41501
41505
41507
41859
41861
41865
41867
41883
41889
43321
43323
43325
43327
43329
43331
43339
43341
43343
43351
43353
43355
43363
43365
43367
43383
43385
43389
43391
43401
43403
43413
43415
43425
43427
43927
43929
43931
43939
43941
43943
43951
43953
43955
43963
43965
43967
43975
43977
43979
43989
43991
44001
44003
44013
44015
44025
44027
44037
44039
47048
47050
47052
47060
47062
47064
47072
47074
47076
47084
47086
47088
47096
47098
47100
47110
47112
47122
47124
47134
47136
47146
47148
47158
47160
48122
48124
48126
48128
48130
48132
48140
48142
48144
48152
48154
48156
48164
48166
48168
48184
48186
48190
48192
48202
48204
48214
48216
48226
48228
52082
52084
52086
52088
52090
52092
52100
52102
52104
52112
52114
52116
52124
52126
52128
52144
52146
52150
52152
52162
52164
52174
52176
52186
52188
52201
52203
52205
52207
52209
52211
52219
52221
52223
52231
52233
52235
52243
52245
52247
52263
52265
52269
52271
52281
52283
52293
52295
52305
52307
52445
52447
52449
52451
52459
52463
52471
52475
52483
52487
52505
52507
52519
52531
52543
53285
53287
53289
53291
53299
53303
53311
53315
53323
53327
53345
53347
53359
53371
53383
54007
54011
54019
54023
54031
54035
54043
54047
54055
54059
54067
54071
54079
54083
54091
54095
54103
54107
54115
54119
54481
54483
54485
54487
54489
54491
54495
54499
54503
54507
54511
54515
54519
54523
54527
54545
54547
54559
54571
54583
54966
54968
54970
54972
54980
54984
54992
54996
55004
55008
55026
55028
55030
55032
55040
55044
55052
55056
55064
55068
55328
55332
55340
55344
55352
55356
55364
55368
55376
55380
55388
55400
55412
55424
55436
56166
56168
56170
56172
56180
56184
56192
56196
56204
56208
56226
56228
56240
56252
56264
57006
57008
57010
57012
57020
57024
57032
57036
57044
57048
57066
57068
57080
57092
57104
60724
60728
60732
60736
60740
60744
60748
60752
60756
60760
60764
60768
60772
60776
60780
60788
60792
60800
60804
60812
60816
60824
60828
60836
60840
60847
60851
60859
60863
60871
60875
60883
60887
60895
60899
60907
60911
60919
60923
60931
60935
60943
60947
60955
60959
60967
60971
60979
60983
60991
60995
61003
61007
61015
61019
61027
61031
61039
61043
61051
61055
61063
61067
61075
61079
61088
61092
61100
61104
61112
61116
61124
61128
61136
61140
61148
61152
61160
61164
61172
61176
61184
61188
61196
61200
61208
61212
61220
61224
61232
61236
61244
61248
61256
61260
61268
61280
61292
61304
61316
61327
61331
61339
61343
61351
61355
61363
61367
61375
61379
61387
61399
61411
61423
61435
63314
63316
63318
63328
63330
63337
63339
63341
63351
63353
63368
63370
63372
63382
63384
63391
63393
63395
63405
63407
63409
63411
63413
63423
63425
63434
63436
63438
63448
63450
64948
64952
64956
64964
64968
64975
64979
64987
64991
64994
64998
65002
65010
65014
65021
65025
65033
65037
65047
65051
65059
65063
65072
65076
65084
65088
65096
65100
65108
65119
65123
65131
65144
65148
65156
65167
65171
65179
65190
65194
65202
65213
65217
65225
65238
65242
65250
65261
65265
65273
78385
78387
78389
78391
78393
78395
78397
78399
78401
78405
78407
78411
78413
78417
78419
78427
78429
78431
78433
78435
78437
78447
78449
78453
78455
78460
78462
78466
78468
78472
78474
78478
78480
78484
78486
78490
78492
78502
78504
78508
78510
78520
78522
78526
78528
78529
78531
78533
78535
78537
78539
78541
78543
78545
78549
78555
78561
78571
78573
78575
78577
78579
78581
78591
78597
78602
78604
78606
78608
78610
78612
78614
78616
78618
78622
78628
78634
78644
78646
78648
78650
78652
78654
78664
78670
78673
78675
78677
78679
78681
78683
78685
78687
78689
78693
78695
78699
78701
78705
78707
78715
78717
78719
78735
78737
78746
78748
78750
78752
78754
78756
78758
78760
78762
78766
78768
78772
78774
78778
78780
78788
78790
78792
78808
78810
78824
78826
78828
78830
78832
78834
78842
78844
78846
78862
78864
78868
78870
78880
78882
78895
78897
78899
78901
78903
78905
78913
78915
78917
78933
78935
78939
78941
78951
78953
78967
78969
78973
78975
78985
78987
79004
79006
79010
79012
79022
79024
79039
79041
79045
79047
79057
79059
79076
79078
79082
79084
79094
79096
79108
79110
79114
79116
79126
79132
79143
79145
79149
79151
79161
79167
79180
79182
79186
79188
79198
79204
79215
79217
79221
79223
79233
79239
79251
79253
79257
79259
79269
79271
79275
79277
79288
79290
79294
79296
79306
79308
79312
79314
79323
79325
79329
79331
79341
79343
79347
79349
79360
79362
79366
79368
79378
79380
79384
79386
79395
79397
79401
79403
79413
79415
79419
79421
79432
79434
79438
79440
79450
79452
79456
79458
79467
79469
79473
79475
79485
79487
79491
79493
79510
79512
79528
79530
79545
79547
79551
79553
79563
79569
79582
79584
79588
79590
79600
79606
79617
79619
79623
79625
79635
79641
79654
79656
79660
79662
79672
79678
79689
79691
79695
79697
79707
79713
79726
79728
79732
79734
79744
79750
79761
79763
79767
79769
79779
79785
79798
79800
79816
79831
79833
79837
79839
79849
79851
79868
79870
79874
79876
79886
79888
79903
79905
79909
79911
79921
79923
79940
79942
79946
79948
79958
79960
79977
79979
79983
79985
79995
80001
80014
80016
80020
80022
80032
80038
80049
80051
80055
80057
80067
80073
80086
80088
80092
80094
80104
80110
80115
80117
80121
80123
80133
80139
80152
80154
80158
80160
80170
80176
80187
80189
80193
80195
80205
80211
80230
80232
80248
93578
93580
93582
93584
93586
93588
93590
93592
93594
93628
93630
93634
93636
93640
93642
93649
93651
93653
93655
93657
93659
93661
93663
93665
93699
93705
93711
93770
93772
93774
93776
93778
93780
93782
93784
93786
93820
93822
93826
93828
93832
93834
93843
93845
93849
93851
93855
93857
93891
93893
93897
93899
93903
93905
93962
93964
93966
93968
93970
93972
93974
93976
93978
94012
94018
94024
94033
94035
94037
94039
94041
94043
94045
94047
94049
94083
94089
94095
94156
94158
94162
94164
94168
94170
94204
94206
94210
94212
94216
94218
94227
94229
94233
94235
94239
94241
94275
94277
94281
94283
94287
94289
94346
94348
94350
94352
94354
94356
94358
94360
94362
94396
94402
94408
94417
94419
94421
94423
94425
94427
94429
94431
94433
94467
94473
94479
94538
94540
94542
94544
94546
94548
94550
94552
94554
94588
94594
94600
94609
94611
94613
94615
94617
94619
94621
94623
94625
94659
94665
94671
94732
94734
94738
94740
94744
94746
94780
94782
94786
94788
94792
94794
94803
94805
94809
94811
94815
94817
94851
94853
94857
94859
94863
94865
94922
94924
94926
94928
94930
94932
94934
94936
94938
94972
94978
94984
94993
94995
94997
94999
95001
95003
95005
95007
95009
95043
95049
95055
95114
95116
95118
95120
95122
95124
95126
95128
95130
95164
95170
95176
95185
95187
95189
95191
95193
95195
95197
95199
95201
95235
95241
95247
95308
95310
95314
95316
95320
95322
95356
95362
95368
95379
95381
95385
95387
95391
95393
95427
95433
95439
95473
95475
95477
95479
95481
95483
95499
95501
95505
95507
95534
95536
95538
95540
95542
95544
95560
95562
95566
95568
95582
95584
95586
95588
95590
95592
95608
95610
95614
95616
95617
95619
95621
95623
95625
95627
95643
95645
95649
95651
95678
95680
95682
95684
95686
95688
95704
95706
95710
95712
95713
95715
95717
95719
95721
95723
95739
95741
95745
95747
95774
95776
95778
95780
95782
95784
95800
95802
95806
95808
95809
95811
95813
95815
95817
95819
95835
95837
95841
95843
95863
95865
95867
95875
95877
95879
95887
95889
95891
95899
95901
95903
95911
95913
95915
95985
95987
95997
95999
96009
96011
96021
96023
96033
96035
96164
96166
96168
96176
96178
96180
96188
96190
96192
96200
96202
96204
96212
96214
96216
96286
96288
96298
96300
96310
96312
96322
96324
96334
96336
96404
96406
96408
96416
96418
96420
96428
96430
96432
96440
96442
96444
96452
96454
96456
96526
96528
96538
96540
96550
96552
96562
96564
96574
96576
96583
96585
96587
96595
96597
96599
96607
96609
96611
96619
96621
96623
96631
96633
96635
96705
96707
96717
96719
96729
96731
96741
96743
96753
96755
96878
96880
96882
96884
96886
96888
96896
96898
96900
96908
96910
96912
96920
96922
96924
97000
97002
97006
97008
97018
97020
97030
97032
97042
97044
97057
97059
97061
97063
97065
97067
97075
97077
97079
97087
97089
97091
97099
97101
97103
97179
97181
97185
97187
97197
97199
97209
97211
97221
97223
97358
97360
97362
97364
97366
97368
97376
97378
97380
97388
97390
97392
97400
97402
97404
97480
97482
97486
97488
97498
97500
97510
97512
97522
97524
97537
97539
97541
97543
97545
97547
97555
97557
97559
97567
97569
97571
97579
97581
97583
97659
97661
97665
97667
97677
97679
97689
97691
97701
97703
97802
97804
97806
97808
97810
97812
97852
97854
97858
97860
97873
97875
97877
97879
97881
97883
97923
97929
97994
97996
97998
98000
98002
98004
98044
98050
98052
98067
98069
98073
98075
98115
98121
98123
98188
98190
98192
98194
98196
98236
98242
98259
98261
98263
98265
98267
98307
98313
98386
98388
98434
98436
98457
98459
98505
98507
98576
98578
98580
98626
98647
98649
98651
98697
98764
98766
98768
98770
98772
98812
98818
98835
98837
98839
98841
98843
98883
98889
98956
98958
98962
98964
99004
99010
99012
99027
99029
99033
99035
99075
99081
99083
99152
99154
99156
99202
99223
99225
99227
99273
99340
99342
99344
99346
99348
99388
99394
99411
99413
99415
99417
99419
99459
99465
99538
99540
99586
99609
99611
99657
99697
99699
99701
99703
99705
99707
99725
99727
99729
99731
99758
99760
99762
99764
99766
99768
99786
99788
99806
99808
99810
99812
99814
99816
99834
99836
99845
99847
99849
99851
99869
99871
99906
99908
99910
99912
99930
99932
99941
99943
99945
99947
99965
99967
99989
99991
99993
99995
100013
100015
100050
100052
100054
100056
100074
100076
100085
100087
100089
100091
100109
100111
100146
100148
100150
100152
100170
100172
100194
100196
100198
100200
100218
100220
100229
100231
100233
100235
100253
100255
100275
100279
100283
100287
100291
100295
100299
100303
100307
100311
100315
100319
100399
100403
100411
100415
100423
100427
100435
100439
100576
100580
100584
100588
100592
100596
100600
100604
100608
100612
100616
100620
100688
100700
100712
100724
100804
100808
100812
100816
100820
100824
100828
100832
100836
100840
100844
100848
100928
100940
100952
100964
100987
100991
100999
101003
101011
101015
101023
101027
101107
101119
101131
101143
101288
101292
101300
101304
101312
101316
101324
101328
101408
101420
101432
101444
101455
101459
101467
101471
101479
101483
101491
101495
101575
101587
101599
101611
101695
101699
101707
101711
101719
101723
101731
101735
101815
101827
101839
101851
101984
101988
101996
102000
102008
102012
102020
102024
102104
102116
102128
102140
102212
102216
102224
102228
102236
102240
102248
102252
102332
102344
102356
102368
102391
102395
102403
102407
102415
102419
102427
102431
102511
102523
102535
102547
102692
102696
102704
102708
102716
102720
102728
102732
102812
102824
102836
102848
102871
102875
102883
102887
102895
102899
102907
102911
102991
103003
103015
103027
103105
103107
103109
103111
103113
103115
103117
103119
103121
103143
103145
103149
103151
103155
103157
103196
103198
103200
103202
103204
103206
103208
103210
103212
103234
103236
103240
103242
103246
103248
103255
103257
103259
103261
103263
103265
103293
103295
103299
103301
103346
103348
103350
103352
103354
103356
103384
103386
103390
103392
103399
103401
103403
103405
103407
103409
103437
103439
103443
103445
103490
103492
103494
103496
103498
103500
103528
103530
103534
103536
103543
103545
103547
103549
103551
103553
103581
103583
103587
103589
103634
103636
103638
103672
103674
103687
103689
103691
103693
103695
103697
103725
103731
103778
103780
103782
103784
103786
103788
103816
103822
103831
103833
103835
103837
103839
103841
103869
103875
103922
103924
103926
103928
103930
103932
103960
103966
103969
103971
103975
103977
103981
103983
104011
104013
104060
104062
104066
104068
104072
104074
104102
104104
104113
104115
104119
104121
104125
104127
104155
104157
104204
104206
104210
104212
104216
104218
104246
104248
104282
104284
104286
104288
104290
104292
104320
104326
104335
104337
104339
104341
104343
104345
104373
104379
104426
104428
104430
104432
104434
104436
104464
104470
104479
104481
104483
104485
104487
104489
104517
104523
104551
104553
104555
104557
104559
104561
104589
104595
104642
104644
104646
104648
104650
104652
104680
104686
104695
104697
104699
104701
104703
104705
104733
104739
104786
104788
104790
104824
104833
104835
104839
104841
104845
104847
104875
104877
104924
104926
104930
104932
104936
104938
104966
104968
104979
104983
104985
104989
104991
105019
105021
105070
105074
105076
105080
105082
105110
105112
105123
105125
105129
105131
105159
105165
105214
105216
105220
105222
105250
105256
105267
105269
105273
105275
105303
105309
105358
105360
105364
105366
105394
105400
105417
105419
105423
105425
105453
105459
105508
105510
105514
105516
105544
105550
105561
105563
105567
105569
105597
105603
105652
105654
105658
105660
105688
105694
105705
105707
105711
105713
105741
105747
105796
105798
105802
105804
105832
105838
105849
105851
105855
105857
105885
105891
105940
105942
105976
105993
105995
105999
106001
106029
106035
106084
106086
106090
106092
106120
106126
106137
106139
106143
106145
106173
106179
106228
106230
106234
106236
106264
106270
106281
106283
106287
106289
106317
106319
106372
106374
106378
106380
106408
106410
106425
106427
106431
106433
106461
106463
106516
106518
106522
106524
106552
106554
106563
106565
106569
106571
106599
106605
106654
106656
106660
106662
106690
106696
106707
106709
106713
106715
106743
106749
106804
106806
106840
139413
139416
139418
139421
139423
139426
139428
139430
139432
139434
139436
139438
139638
139641
139643
139646
139648
139651
139653
139654
139656
139657
139659
139660
139842
139845
139847
139850
139852
139855
139857
139858
139860
139861
139863
139864
140046
140049
140051
140054
140056
140059
140061
140062
140064
140065
140067
140068
140250
140253
140255
140258
140260
140263
140265
140266
140268
140269
140271
140272
140454
140457
140459
140462
140464
140467
140469
140470
140472
140473
140475
140476
140621
140624
140627
140630
140633
140636
140639
140642
140645
140648
140651
140654
140825
140828
140831
140834
140837
140840
140843
140846
140849
140852
140855
140858
141029
141032
141035
141038
141041
141044
141047
141050
141053
141056
141059
141062
141233
141236
141239
141242
141245
141248
141251
141254
141257
141260
141263
141266
141437
141440
141443
141446
141449
141452
141455
141458
141461
141464
141467
141470
141641
141644
141647
141650
141653
141656
141659
141662
141665
141668
141671
141674
141882
141884
141886
141888
141890
141892
141894
141896
141898
141900
141902
141904
142086
142088
142090
142092
142094
142096
142098
142100
142102
142104
142106
142108
142290
142292
142294
142296
142298
142300
142302
142304
142306
142308
142310
142312
142494
142496
142498
142500
142502
142504
142506
142508
142510
142512
142514
142516
142661
142664
142667
142670
142673
142676
142679
142682
142685
142688
142691
142694
142865
142868
142871
142874
142877
142880
142883
142886
142889
142892
142895
142898
143069
143072
143075
143078
143081
143084
143087
143090
143093
143096
143099
143102
143273
143276
143279
143282
143285
143288
143291
143294
143296
143299
143301
143304
151639
151643
151646
151650
151653
151656
151659
151662
151765
151769
151772
151776
151779
151782
151784
151787
151901
151905
151908
151912
151915
151918
151920
151923
152037
152041
152044
152048
152051
152054
152056
152059
152173
152177
152180
152184
152187
152190
152192
152195
152309
152313
152316
152320
152323
152326
152328
152331
152470
152472
152474
152476
152478
152480
152482
152484
152606
152608
152610
152612
152614
152616
152618
152620
152742
152744
152746
152748
152750
152752
152754
152756
152878
152880
152882
152884
152886
152888
152890
152892
153014
153016
153018
153020
153022
153024
153026
153028
153150
153152
153154
153156
153158
153160
153162
153164
153286
153288
153290
153292
153294
153296
153298
153300
153422
153424
153426
153428
153430
153432
153434
153436
153558
153560
153562
153564
153566
153568
153570
153572
153694
153696
153698
153700
153702
153704
153706
153708
153805
153808
153811
153814
153817
153820
153823
153826
153941
153944
153947
153950
153953
153956
153959
153962
154077
154080
154083
154086
154089
154092
154095
154098
154213
154216
154219
154222
154225
154228
154230
154233
154424
154427
154429
154431
154475
154479
154482
154485
154719
154723
154726
154729
154817
154820
154822
154824
155122
155125
155127
155129
155130
155133
155135
155137
155147
155149
155151
155152
155193
155196
155199
155201
155229
155232
155235
155238
155264
155267
155270
155272
155291
155294
155297
155300
155315
155317
155319
155320
155359
155362
155365
155368
155404
155406
155408
155410
155647
155650
155652
155654
155655
155657
155659
155661
155663
155665
155667
155669
155672
155674
155676
155678
155680
155682
155684
155685
155686
155688
155690
155692
155723
155724
155725
155726
155727
155728
155729
155730
155731
155732
155733
155734
155735
155736
155737
155852
155853
155854
155855
155856
155857
155858
155859
155860
155861
155862
155863
155960
155961
155962
155963
155964
155965
155966
155967
155968
155969
155970
155971
156068
156069
156070
156071
156072
156073
156074
156075
156076
156077
156078
156079
156176
156177
156178
156179
156180
156181
156182
156183
156184
156185
156186
156187
156284
156285
156286
156287
156288
156289
156290
156291
156292
156293
156294
156295
156368
156370
156372
156374
156376
156378
156380
156382
156384
156386
156388
156390
156476
156478
156480
156482
156484
156486
156488
156490
156492
156494
156496
156498
156584
156586
156588
156590
156592
156594
156596
156598
156600
156602
156604
156606
156692
156694
156696
156698
156700
156702
156704
156706
156708
156710
156712
156714
156800
156802
156804
156806
156808
156810
156812
156814
156816
156818
156820
156822
156908
156910
156912
156914
156916
156918
156920
156922
156924
156926
156928
156930
157040
157041
157042
157043
157044
157045
157046
157047
157048
157049
157050
157051
157148
157149
157150
157151
157152
157153
157154
157155
157156
157157
157158
157159
157256
157257
157258
157259
157260
157261
157262
157263
157264
157265
157266
157267
157364
157365
157366
157367
157368
157369
157370
157371
157372
157373
157374
157375
157448
157450
157452
157454
157456
157458
157460
157462
157464
157466
157468
157470
157556
157558
157560
157562
157564
157566
157568
157570
157572
157574
157576
157578
157664
157666
157668
157670
157672
157674
157676
157678
157680
157682
157684
157686
157772
157774
157776
157778
157780
157782
157784
157786
157788
162193
162194
162197
162199
162200
162203
162205
162207
162209
162211
162263
162264
162267
162269
162270
162273
162275
162277
162335
162336
162339
162341
162342
162345
162347
162349
162407
162408
162411
162413
162414
162417
162419
162421
162479
162480
162483
162485
162486
162489
162491
162493
162551
162552
162555
162557
162558
162561
162563
162565
162639
162640
162641
162642
162643
162644
162645
162646
162711
162712
162713
162714
162715
162716
162717
162718
162783
162784
162785
162786
162787
162788
162789
162790
162855
162856
162857
162858
162859
162860
162861
162862
162927
162928
162929
162930
162931
162932
162933
162934
162999
163000
163001
163002
163003
163004
163005
163006
163071
163072
163073
163074
163075
163076
163077
163078
163143
163144
163145
163146
163147
163148
163149
163150
163215
163216
163217
163218
163219
163220
163221
163222
163287
163288
163289
163290
163291
163292
163293
163294
163343
163345
163347
163349
163351
163353
163355
163357
163415
163417
163419
163421
163423
163425
163427
163429
163487
163489
163491
163493
163495
163497
163499
163501
163559
163561
163563
163565
163567
163569
164348
164349
164350
164351
164356
164357
164358
164361
164362
164363
164366
164367
164369
164370
164371
164374
164375
164377
164378
164379
164382
164383
164385
164386
164387
164388
164389
164390
164393
164394
164395
164398
164399
164401
164402
164404
164405
164407
164408
164410
164411
164413
164414
164416
164417
164733
164734
164735
164741
164742
164746
164747
164748
164754
164755
164759
164760
164761
164767
164768
164772
164773
164774
164780
164781
164785
164786
164787
164793
164794
164798
164799
164803
164804
164808
164809
164813
164814
164818
164819
164823
164824
164828
164829
164833
164834
164838
164839
164843
164844
166671
166672
166673
166678
166679
166684
166685
166686
166691
166692
166697
166698
166699
166704
166705
166710
166711
166712
166717
166718
166723
166724
166725
166730
166731
166735
166736
166740
166741
166745
166746
166750
166751
166755
166756
166760
166761
166765
166766
166770
166771
166775
166776
166780
166781
167453
167454
167455
167456
167461
167462
167463
167466
167467
167468
167471
167472
167474
167475
167476
167479
167480
167482
167483
167484
167487
167488
167490
167491
167492
167493
167494
167495
167498
167499
167500
167503
167504
167506
167507
167509
167510
167512
167513
167515
167516
167518
167519
167521
167522
169843
169844
169845
169846
169851
169852
169853
169856
169857
169858
169861
169862
169864
169865
169866
169869
169870
169872
169873
169874
169877
169878
169880
169881
169882
169883
169884
169885
169888
169889
169890
169893
169894
169896
169897
169899
169900
169902
169903
169905
169906
169908
169909
169911
169912
169913
169914
169915
169916
169921
169922
169923
169926
169927
169928
169931
169932
169934
169935
169936
169939
169940
169942
169943
169944
169947
169948
169950
169951
169952
169953
169954
169955
169958
169959
169960
169963
169964
169966
169967
169969
169970
169972
169973
169975
169976
169978
169979
169981
169982
170033
170034
170035
170038
170039
170040
170043
170044
170046
170047
170049
170050
170052
170053
170055
170056
170058
170059
170061
170062
170063
170064
170065
170068
170069
170070
170071
170073
170074
170075
170077
170078
170079
170081
170082
170348
170349
170350
170356
170357
170358
170364
170365
170369
170370
170374
170375
170379
170380
170384
170385
170389
170390
170394
170396
170398
170399
170400
170406
170407
170410
170411
170415
170417
170418
170422
170424
170425
170429
170431
170613
170614
170618
170619
170623
170624
170628
170629
170633
170634
170638
170639
170643
170644
170648
170649
170653
170654
170658
170659
170663
170664
170668
170669
170673
170674
170678
170679
170683
170684
170688
170689
170693
170694
170698
170699
170703
170704
170708
170709
170853
170854
170855
170856
170865
170866
170867
170873
170874
170875
170881
170882
170886
170887
170888
170894
170895
170899
170900
170901
170907
170908
170912
170913
170916
170918
170919
170920
170926
170927
170930
170931
170935
170937
170938
170942
170944
170945
170949
170951
171076
171077
171078
171084
171085
171086
171091
171092
171096
171097
171101
171102
171106
171107
171111
171112
171116
171117
171120
171122
171126
171127
171128
171134
171135
171136
171141
171142
171146
171147
171151
171152
171156
171157
171161
171162
171166
171167
171170
171172
171243
171244
171246
171247
171249
171250
171252
171253
171255
171256
171258
171259
171261
171262
171264
171265
171267
171268
171270
171271
171273
171274
171276
171277
171278
171280
171281
171282
171284
171285
171286
171288
171289
171290
171292
171561
171562
171563
171569
171570
171571
171576
171577
171581
171582
171586
171587
171591
171592
171596
171597
171601
171602
171605
171607
171611
171612
171613
171618
171619
171622
171623
171626
171629
171630
171633
171636
171637
171640
171642
171873
171874
171875
171878
171879
171880
171883
171884
171886
171887
171889
171890
171892
171893
171895
171896
171898
171899
171901
171902
171903
171904
171905
171908
171909
171910
171911
171913
171914
171915
171917
171918
171919
171921
171922
173663
173664
173665
173668
173669
173671
173672
173673
173676
173677
173679
173680
173681
173684
173685
173687
173688
173689
173692
173693
173695
173696
173697
173700
173701
173703
173704
173706
173707
173709
173710
173712
173713
173715
173716
173718
173719
173721
173722
173724
173725
173727
173728
173730
173731
173733
173734
173736
173737
173739
173740
173742
173743
173745
173746
173748
173749
173751
173752
173754
173755
173757
173758
173760
173761
173763
173764
173766
173767
173769
173770
173772
173773
173775
173776
173778
173779
173781
173782
173784
173785
173787
173788
173790
173791
173793
173794
173796
173797
173799
173800
173802
173803
173805
173806
173808
173809
173811
173812
173814
173815
173817
173818
173820
173821
173823
173824
173826
173827
173829
173830
173832
173833
173835
173836
173838
173839
173841
173842
173844
173845
173847
173848
173850
173851
173853
173854
173856
173857
173859
173860
173862
173863
173865
173866
173868
173869
173871
173872
173874
173875
173877
173878
173880
173881
173883
173884
173886
173887
173889
173890
173892
173893
173895
173896
173898
173899
173901
173902
173904
173905
173907
173908
173910
173911
173913
173914
173916
173917
173919
173920
173922
173923
173925
173926
173928
173929
173931
173932
173934
173935
173937
173938
173940
173941
173943
173944
173946
173947
173948
173950
173951
173952
173954
173955
173956
173958
173959
173960
173962
173963
173964
173966
173967
173969
173970
173972
173973
173975
173976
173978
173979
173981
173982
173984
173985
173987
173988
173990
173991
173993
173994
173996
173997
173998
174000
174001
174002
174004
174005
174006
174008
174009
174010
174012
175203
175204
175205
175208
175209
175211
175212
175214
175215
175217
175218
175219
175222
175223
175225
175226
175228
175229
175231
175232
175233
175236
175237
175239
175240
175242
175243
175245
175246
175247
175250
175251
175253
175254
175256
175257
175259
175260
175261
175264
175265
175267
175268
175270
175271
175273
175274
175275
175278
175279
175281
175282
175284
175285
175937
175938
175939
175942
175943
175945
175946
175948
175949
175951
175952
175954
175955
175957
175958
175960
175961
175963
175964
175965
175968
175969
175971
175972
175974
175975
175977
175978
175980
175981
175983
175984
175986
175987
175989
175990
175992
175993
175995
175996
175998
175999
176001
176002
176004
176005
176007
176008
176010
176011
176013
176014
176016
176017
176019
176020
176022
176023
176024
176026
176027
176029
176030
176032
176033
176034
176036
176037
176039
176040
176042
176043
176044
176046
176047
176049
176050
176052
176053
176054
176056
176057
176059
176060
176062
176063
176064
176066
176067
176069
176070
176072
176073
176074
176076
176077
176079
176080
176082
176083
176084
176086
176087
176089
176090
176092
185068
185069
185070
185071
185076
185077
185078
185081
185082
185083
185086
185087
185089
185090
185091
185094
185095
185096
185099
185100
185102
185103
185105
185106
185107
185110
185111
185113
185114
185115
185118
185119
185121
185122
185124
185125
185127
185128
185130
185131
185133
185134
185135
185138
185139
185140
185143
185144
185146
185147
185149
185150
185151
185154
185155
185156
185159
185160
185162
185163
185165
185166
185168
185169
185171
185172
185174
185175
185177
185178
185180
185181
185183
185184
185186
185187
185189
185190
185191
185192
185197
185198
185199
185202
185203
185204
185207
185208
185210
185211
185212
185215
185216
185217
185218
185220
185221
185222
185223
185226
185227
185229
185230
185231
185234
185235
185237
185238
185240
185241
185242
185244
185245
185246
185247
185248
185253
185254
185255
185258
185259
185260
185263
185264
185266
185267
185268
185271
185272
185273
185274
185276
185277
185278
185279
185282
185283
185285
185286
185287
185290
185291
185293
185294
185296
185297
185298
185300
185301
185302
185303
185304
185309
185310
185311
185314
185315
185316
185319
185320
185322
185323
185324
185327
185328
185329
185332
185333
185335
185336
185338
185339
185340
185343
185344
185346
185347
185348
185349
185350
185352
185353
185355
185356
185357
185358
185359
185360
185365
185366
185367
185370
185371
185372
185375
185376
185378
185379
185380
185383
185384
185385
185388
185389
185391
185392
185394
185395
185396
185399
185400
185402
185403
185404
185405
185406
185408
185409
185411
185412
185413
185414
185415
185418
185419
185421
185422
185423
185426
185427
185429
185430
185431
185434
185435
185437
185438
185439
185440
185441
185443
185444
185446
185447
185449
185450
185452
185453
185455
185456
185458
185459
185460
185461
185462
185465
185466
185468
185469
185470
185473
185474
185476
185477
185478
185481
185482
185484
185485
185486
185487
185488
185490
185491
185493
185494
185496
185497
185499
185500
185502
185503
185505
185506
185507
185508
185509
185512
185513
185514
185515
185518
185519
185520
185521
185524
185525
185526
185527
185528
185529
185532
185533
185534
185535
185538
185539
185540
185541
185544
185545
185546
185547
185548
185549
185552
185553
185554
185555
185558
185559
185560
185561
185564
185565
185566
185567
185568
185569
185572
185573
185574
185575
185578
185579
185580
185581
185584
185585
185586
185587
185588
185589
185592
185593
185594
185597
185598
185599
185600
185601
185604
185605
185606
185607
185608
185609
185612
185613
185614
185617
185618
185619
185620
185621
185624
185625
185626
185627
185628
185629
185632
185633
185634
185637
185638
185639
185640
185641
185644
185645
185646
185647
185648
185649
185652
185653
185654
185657
185658
185659
185660
185661
185664
185665
185666
185667
185668
185669
185672
185673
185674
185677
185678
185679
185680
185681
185684
185685
185686
185689
185690
185691
185692
185693
185696
185697
185698
185701
185702
185703
185704
185705
185708
185709
185710
185713
185714
185715
185716
185717
185720
185721
185722
185725
185726
185727
185728
185729
185732
185733
185734
185737
185738
185739
185740
185741
185744
185745
185746
185749
185750
185751
185752
185753
185756
185757
185758
185761
185762
185763
185764
185765
185768
185769
185770
185773
185774
185775
185776
185777
185780
185781
185782
185785
185786
185787
185788
185789
185792
185793
185794
185797
185798
185799
185800
185801
185804
185805
185806
185809
185810
185811
185812
185813
185816
185817
185818
185821
185822
185823
185824
185825
185828
185829
185830
185833
185834
185835
185836
185838
185839
185841
185842
185843
185844
185846
185847
185849
185850
185851
185852
185854
185855
185857
185858
185860
185861
185863
185864
185866
185867
185868
185870
185871
185872
185874
185875
185877
185878
185880
185881
185883
185884
185886
185887
185888
185890
185891
185892
185894
185895
185897
185898
185900
185901
185903
185904
185906
185907
185908
185910
185911
185912
185914
185915
185917
185918
185920
185921
185923
185924
185926
185927
185928
185930
185931
185932
185934
185935
185937
185938
185940
185941
185943
185944
185946
185947
185948
185950
185951
185952
185954
185955
185957
185958
185960
185961
185963
185964
185966
185967
185968
185970
185971
185972
185974
185975
185977
185978
185980
185981
185983
185984
185986
185987
185988
185990
185991
185992
185994
185995
185997
185998
185999
186000
186002
186003
186004
186005
186006
186009
186010
186011
186012
186015
186016
186017
186018
186021
186022
186023
186024
186025
186026
186029
186030
186031
186032
186035
186036
186037
186038
186041
186042
186043
186044
186045
186046
186049
186050
186051
186052
186055
186056
186057
186058
186061
186062
186063
186064
186065
186066
186069
186070
186071
186072
186075
186076
186077
186078
186081
186082
186083
186084
186085
186087
186088
186090
186091
186093
186094
186096
186097
186099
186100
186101
186103
186104
186105
186107
186108
186110
186111
186113
186114
186116
186117
186119
186120
186121
186123
186124
186125
186127
186128
186130
186131
186133
186134
186136
186137
186139
186140
186141
186143
186144
186145
186147
186148
186150
186151
186153
186154
186156
186157
186159
186160
186161
186163
186164
186165
186166
186169
186170
186171
186174
186175
186176
186177
186178
186181
186182
186183
186184
186185
186186
186189
186190
186191
186194
186195
186196
186197
186198
186201
186202
186203
186204
186205
186206
186209
186210
186211
186214
186215
186216
186217
186218
186221
186222
186223
186224
186225
186227
186228
186230
186231
186232
186233
186235
186236
193879
193880
193881
193882
193887
193888
193889
193892
193893
193894
193897
193898
193900
193901
193902
193921
193922
193923
193926
193927
193928
193931
193932
193934
193935
193937
193938
193939
193940
193941
193942
193951
193952
193953
193959
193960
193961
193967
193968
193972
193973
193976
193987
193988
193989
193995
193996
193999
194000
194004
194006
194035
194036
194037
194038
194043
194044
194045
194048
194049
194050
194053
194054
194056
194057
194058
194077
194078
194079
194082
194083
194084
194087
194088
194090
194091
194093
194094
194095
194096
194097
194103
194104
194105
194111
194112
194116
194117
194121
194123
194131
194132
194133
194139
194140
194141
194147
194148
194152
194153
194157
194159
194191
194192
194193
194194
194199
194200
194201
194204
194205
194206
194209
194210
194212
194213
194214
194227
194228
194229
194232
194233
194234
194235
194237
194238
194239
194240
194241
194242
194251
194252
194253
194259
194260
194261
194267
194268
194272
194273
194276
194287
194288
194289
194295
194296
194299
194300
194304
194306
194329
194330
194331
194334
194335
194336
194339
194340
194342
194343
194345
194346
194365
194366
194367
194370
194371
194372
194375
194376
194378
194379
194381
194382
194383
194384
194385
194391
194392
194393
194399
194400
194404
194405
194409
194411
194419
194420
194421
194427
194428
194429
194435
194436
194440
194441
194445
194447
194479
194480
194481
194482
194487
194488
194489
194492
194493
194494
194497
194498
194500
194501
194502
194515
194516
194517
194520
194521
194522
194523
194525
194526
194527
194528
194529
194530
194539
194540
194541
194547
194548
194549
194555
194556
194560
194561
194564
194575
194576
194577
194583
194584
194587
194588
194592
194594
194623
194624
194625
194626
194631
194632
194633
194636
194637
194638
194641
194642
194644
194645
194646
194659
194660
194661
194664
194665
194666
194667
194669
194670
194671
194672
194673
194674
194683
194684
194685
194691
194692
194693
194699
194700
194704
194705
194708
194719
194720
194721
194727
194728
194731
194732
194736
194738
194761
194762
194763
194766
194767
194768
194771
194772
194774
194775
194777
194778
194797
194798
194799
194802
194803
194804
194807
194808
194810
194811
194813
194814
194815
194816
194817
194823
194824
194825
194831
194832
194836
194837
194841
194843
194851
194852
194853
194859
194860
194861
194867
194868
194872
194873
194877
194879
194911
194912
194913
194914
194919
194920
194921
194924
194925
194926
194929
194930
194932
194933
194934
194947
194948
194949
194952
194953
194954
194955
194957
194958
194959
194960
194961
194962
194971
194972
194973
194979
194980
194981
194987
194988
194992
194993
194996
195007
195008
195009
195015
195016
195019
195020
195024
195026
195055
195056
195057
195058
195063
195064
195065
195068
195069
195070
195073
195074
195076
195077
195078
195091
195092
195093
195096
195097
195098
195099
195101
195102
195103
195104
195105
195106
195115
195116
195117
195123
195124
195125
195131
195132
195136
195137
195140
195151
195152
195153
195159
195160
195163
195164
195168
195170
195193
195194
195195
195198
195199
195200
195203
195204
195206
195207
195209
195210
195223
195224
195225
195228
195229
195230
195231
195233
195234
195235
195236
195237
195243
195244
195245
195251
195252
195256
195257
195261
195263
195271
195272
195273
195279
195280
195283
195284
195288
195290
195295
195296
195297
195298
195307
195308
195309
195321
195322
195323
195329
195330
195331
195354
195355
195356
195357
195362
195363
195364
195377
195378
195379
195382
195383
195384
195400
195401
195402
195403
195408
195409
195410
195423
195424
195425
195428
195429
195430
195433
195434
195435
195436
195445
195446
195447
195459
195460
195461
195467
195468
195469
195492
195493
195494
195495
195500
195501
195502
195515
195516
195517
195520
195521
195522
195525
195526
195527
195528
195537
195538
195539
195551
195552
195553
195559
195560
195561
195584
195585
195586
195587
195592
195593
195594
195607
195608
195609
195612
195613
195614
195617
195618
195619
195620
195629
195630
195631
195643
195644
195645
195651
195652
195653
195663
195664
195665
195671
195672
195676
195677
195678
195684
195685
195689
195690
195691
195697
195698
195702
195703
195704
195710
195711
195715
195716
195717
195723
195724
195743
195744
195748
195749
195753
195754
195758
195759
195763
195764
195768
195769
195773
195774
195778
195779
195783
195784
195788
195789
195843
195844
195845
195848
195849
195851
195852
195853
195856
195857
195859
195860
195861
195864
195865
195867
195868
195869
195872
195873
195875
195876
195877
195880
195881
195913
195914
195916
195917
195919
195920
195922
195923
195925
195926
195928
195929
195931
195932
195934
195935
195937
195938
195940
195941
195983
195984
195985
195988
195989
195991
195992
195993
195996
195997
195999
196000
196001
196004
196005
196007
196008
196009
196012
196013
196015
196016
196017
196020
196021
196053
196054
196056
196057
196059
196060
196062
196063
196065
196066
196068
196069
196071
196072
196074
196075
196077
196078
196080
196081
196083
196084
196085
196091
196092
196096
196097
196098
196104
196105
196109
196110
196111
196117
196118
196122
196123
196124
196130
196131
196135
196136
196137
196143
196144
196163
196164
196168
196169
196173
196174
196178
196179
196183
196184
196188
196189
196193
196194
196198
196199
196203
196204
196208
196209
196263
196264
196265
196266
196271
196272
196273
196276
196277
196278
196281
196282
196284
196285
196286
196289
196290
196292
196293
196294
196297
196298
196300
196301
196302
196333
196334
196335
196338
196339
196340
196343
196344
196346
196347
196349
196350
196352
196353
196355
196356
196358
196359
196361
196362
196363
196364
196365
196366
196375
196376
196377
196383
196384
196385
196391
196392
196396
196397
196398
196404
196405
196409
196410
196411
196417
196418
196422
196423
196426
196443
196444
196445
196451
196452
196453
196459
196460
196464
196465
196469
196470
196474
196475
196479
196480
196484
196485
196489
196491
196543
196544
196545
196546
196551
196552
196553
196556
196557
196558
196561
196562
196564
196565
196566
196569
196570
196572
196573
196574
196577
196578
196580
196581
196582
196613
196614
196615
196618
196619
196620
196623
196624
196626
196627
196629
196630
196632
196633
196635
196636
196638
196639
196641
196642
196643
196644
196645
196646
196655
196656
196657
196663
196664
196665
196671
196672
196676
196677
196678
196684
196685
196689
196690
196691
196697
196698
196702
196703
196706
196723
196724
196725
196731
196732
196733
196739
196740
196744
196745
196749
196750
196754
196755
196759
196760
196764
196765
196769
196771
196799
196800
196801
196802
196807
196808
196809
196812
196813
196814
196827
196828
196829
196832
196833
196834
196837
196838
196839
196840
196841
196842
196851
196852
196853
196859
196860
196863
196871
196872
196873
196879
196880
196883
196903
196904
196905
196906
196911
196912
196913
196916
196917
196918
196930
196931
196932
196935
196936
196937
196939
196940
196941
196942
196943
196949
196950
196951
196957
196959
196965
196966
196967
196973
196974
196975
196980
196982
197002
197003
197004
197005
197009
197010
197011
197014
197015
197016
197025
197026
197027
197030
197031
197032
197033
197034
197035
197036
197044
197045
197046
197052
197053
197056
197063
197064
197065
197071
197072
197075
197087
197088
197090
197091
197093
197094
197103
197104
197106
197107
197109
197110
197111
197112
197116
197117
197121
197123
197127
197128
197132
197133
197137
197139
197154
197155
197156
197159
197160
197162
197163
197164
197170
197171
197173
197174
197175
197176
197177
197183
197184
197188
197189
197192
197197
197198
197202
197204
197222
197223
197224
197225
197229
197230
197231
197234
197235
197236
197245
197246
197247
197250
197251
197252
197253
197254
197255
197256
197264
197265
197266
197272
197273
197276
197283
197284
197285
197291
197292
197295
197311
197312
197313
197316
197317
197318
197321
197322
197334
197335
197336
197339
197340
197341
197343
197344
197345
197346
197347
197353
197354
197355
197361
197363
197369
197370
197371
197377
197378
197379
197384
197386
197402
197403
197404
197407
197408
197410
197411
197412
197418
197419
197421
197422
197423
197424
197425
197431
197432
197436
197437
197440
197445
197446
197450
197452
197470
197471
197472
197473
197477
197478
197479
197482
197483
197484
197493
197494
197495
197498
197499
197500
197501
197502
197503
197504
197512
197513
197514
197520
197521
197524
197531
197532
197533
197539
197540
197543
197555
197556
197558
197559
197561
197562
197568
197569
197571
197572
197573
197574
197578
197579
197583
197585
197589
197590
197594
197596
197599
197600
197601
197602
197611
197612
197613
197625
197626
197627
197633
197634
197635
197658
197659
197660
197661
197666
197667
197668
197678
197679
197680
197683
197684
197698
197699
197700
197701
197706
197707
197708
197718
197719
197720
197723
197724
197725
197726
197727
197733
197734
197735
197745
197746
197747
197753
197754
197769
197770
197771
197774
197775
197776
197786
197787
197788
197791
197792
197793
197794
197795
197801
197802
197803
197813
197814
197815
197821
197822
197827
197828
197829
197835
197836
197837
197847
197848
197849
197855
197856
197871
197872
197873
197876
197877
197878
197888
197889
197890
197893
197894
197895
197896
197897
197903
197904
197905
197915
197916
197917
197923
197924
197939
197940
197941
197944
197945
197946
197956
197957
197958
197961
197962
197973
197974
197975
197978
197979
197980
197990
197991
197992
197995
197996
197997
197998
197999
198005
198006
198007
198017
198018
198019
198025
198026
198031
198032
198033
198039
198040
198044
198045
198046
198052
198053
198057
198058
198059
198065
198066
198070
198071
198072
198078
198079
198083
198084
198087
198101
198102
198106
198107
198111
198112
198116
198117
198121
198122
198126
198127
198131
198132
198136
198137
198141
198143
198188
198189
198190
198193
198194
198196
198197
198198
198201
198202
198204
198205
198206
198209
198210
198212
198213
198214
198217
198218
198237
198238
198240
198241
198242
198244
198245
198246
198248
198249
198250
198252
198253
198254
198290
198291
198292
198295
198296
198298
198299
198300
198303
198304
198306
198307
198308
198311
198312
198314
198315
198316
198319
198320
198322
198323
198324
198342
198343
198345
198346
198347
198349
198350
198351
198353
198354
198355
198357
198358
198359
198360
198364
198365
198369
198370
198374
198375
198379
198380
198384
198385
198389
198390
198394
198395
198399
198401
198411
198412
198416
198418
198419
198423
198425
198426
198430
198432
198433
198437
198439
198471
198472
198474
198475
198477
198478
198480
198481
198483
198484
198486
198487
198489
198490
198492
198493
198495
198496
198514
198515
198517
198518
198519
198521
198522
198523
198525
198526
198527
198529
198530
198531
198535
198536
198540
198541
198545
198546
198550
198551
198555
198556
198560
198561
198565
198566
198570
198572
198582
198583
198587
198589
198590
198594
198596
198597
198601
198603
198604
198608
198610
198616
198617
198621
198622
198626
198627
198631
198632
198636
198637
198641
198642
198646
198647
198651
198652
198656
198658
198668
198669
198673
198675
198676
198680
198682
198683
198687
198689
198690
198694
198727
198728
198730
198731
198733
198734
198736
198737
198739
198740
198742
198743
198745
198746
198748
198749
198751
198752
198770
198771
198773
198774
198775
198777
198778
198779
198781
198782
198783
198785
198812
198813
198815
198816
198818
198819
198821
198822
198824
198825
198827
198828
198830
198831
198833
198834
198836
198837
198855
198856
198858
198859
198860
198862
198863
198864
198866
198867
198868
198870
198871
198872
198873
198877
198878
198882
198883
198887
198888
198892
198893
198897
198898
198902
198903
198907
198908
198912
198914
198924
198925
198929
198931
198932
198936
198938
198939
198943
198945
198946
198950
198952
198984
198985
198987
198988
198990
198991
198993
198994
198996
198997
198999
199000
199002
199003
199005
199006
199008
199009
199027
199028
199030
199031
199032
199034
199035
199036
199038
199039
199040
199042
199043
199044
199045
199049
199050
199054
199055
199059
199060
199064
199065
199069
199070
199074
199075
199079
199080
199084
199086
199096
199097
199101
199103
199104
199108
199110
199111
199115
199117
199118
199122
199124
199130
199131
199132
199133
199142
199143
199144
199150
199151
199152
199158
199159
199172
199173
199174
199180
199181
199182
199188
199189
199193
199194
199225
199226
199227
199228
199233
199234
199235
199238
199239
199240
199243
199244
199262
199263
199264
199267
199268
199269
199272
199273
199275
199276
199278
199279
199280
199286
199287
199291
199292
199293
199299
199300
199310
199311
199315
199316
199320
199321
199325
199326
199350
199351
199352
199355
199356
199358
199359
199360
199363
199364
199378
199379
199381
199382
199384
199385
199387
199388
199390
199391
199392
199398
199399
199403
199404
199405
199411
199412
199422
199423
199427
199428
199432
199433
199437
199438
199462
199463
199464
199467
199468
199470
199471
199472
199475
199476
199490
199491
199493
199494
199496
199497
199499
199500
199502
199503
199504
199510
199511
199515
199516
199517
199523
199524
199534
199535
199539
199540
199544
199545
199549
199550
199569
199570
199571
199574
199575
199577
199578
199579
199588
199589
199591
199592
199594
199595
199596
199597
199598
199604
199605
199609
199610
199611
199617
199618
199628
199629
199633
199635
199636
199640
199660
199661
199662
199665
199666
199668
199669
199670
199673
199674
199684
199685
199687
199688
199689
199691
199692
199693
199694
199700
199701
199705
199706
199707
199713
199714
199724
199725
199729
199731
199732
199736
199756
199757
199758
199761
199762
199764
199765
199766
199769
199770
199780
199781
199783
199784
199785
199787
199788
199789
199790
199791
199800
199801
199804
199805
199806
199812
199820
199821
199822
199828
199830
199831
199852
199853
199854
199855
199860
199861
199862
199863
199864
199867
199876
199877
199878
199881
199882
199883
199884
199885
199886
199887
199896
199897
199900
199901
199902
199908
199916
199917
199918
199924
199926
199927
199948
199949
199950
199951
199956
199957
199958
199959
199960
199963
199972
199973
199974
199977
199978
199979
199996
199997
199998
200001
200002
200004
200005
200006
200009
200010
200020
200021
200023
200024
200025
200027
200028
200029
200030
200036
200037
200041
200042
200043
200049
200050
200060
200061
200065
200067
200068
200072
200092
200093
200094
200097
200098
200100
200101
200102
200105
200106
200116
200117
200119
200120
200121
200123
200124
200125
200126
200132
200133
200137
200138
200139
200145
200146
200156
200157
200161
200163
200164
200168
200172
200173
200174
200180
200181
200185
200186
200187
200193
200194
200204
200205
200209
200211
200212
200216
200236
200237
200238
200241
200242
200244
200245
200246
200249
200250
200260
200261
200263
200264
200265
200267
200268
200269
200270
200276
200277
200281
200282
200283
200289
200290
200300
200301
200305
200307
200308
200312
200327
200328
200329
200332
200333
200335
200336
200337
200343
200344
200346
200347
200348
200349
200350
200351
200360
200361
200364
200365
200366
200372
200380
200381
200382
200388
200390
200391
200412
200413
200414
200415
200420
200421
200422
200423
200424
200427
200436
200437
200438
200441
200442
200443
200444
200445
200446
200447
200455
200456
200459
200460
200461
200467
200474
200475
200476
200482
200484
200485
200505
200506
200507
200508
200512
200513
200514
200515
200516
200519
200528
200529
200530
200533
200534
200535
200536
200537
200538
200544
200545
200546
200552
200554
200560
200561
200562
200568
200569
200572
200588
200589
200590
200593
200594
200595
200598
200599
200608
200609
200610
200613
200614
200615
200616
200617
200618
200624
200625
200626
200632
200634
200640
200641
200642
200648
200649
200652
200668
200669
200670
200673
200674
200675
200678
200679
200688
200689
200690
200693
200694
200695
200696
200697
200701
200702
200706
200707
200711
200712
200720
200721
200725
200727
200728
200732
200748
200749
200751
200752
200754
200755
200757
200758
200768
200769
200771
200772
200773
200775
200776
200777
200781
200782
200786
200787
200791
200792
200800
200801
200805
200807
200808
200812
200828
200829
200831
200832
200834
200835
200837
200838
200848
200849
200851
200852
200853
200855
200856
200857
200861
200862
200866
200867
200871
200872
200880
200881
200885
200887
200888
200892
200908
200909
200911
200912
200914
200915
200917
200918
200928
200929
200931
200932
200933
200935
200936
200937
200941
200942
200946
200947
200951
200952
200960
200961
200965
200967
200968
200972
200984
200985
200987
200988
200990
200991
200997
200998
201000
201001
201002
201003
201007
201008
201012
201013
201017
201018
201026
201027
201031
201033
201034
201038
201054
201055
201057
201058
201060
201061
201063
201064
201074
201075
201077
201078
201079
201081
201082
201083
201087
201088
201092
201093
201097
201098
201106
201107
201111
201113
201114
201118
201134
201135
201137
201138
201140
201141
201143
201144
201154
201155
201157
201158
201159
201161
201162
201163
201167
201168
201172
201173
201177
201178
201186
201187
201191
201192
201196
201198
201214
201215
201217
201218
201220
201221
201223
201224
201234
201235
201237
201238
201240
201241
201242
201243
201247
201248
201252
201253
201257
201258
201266
201267
201271
201272
201276
201278
201294
201295
201297
201298
201300
201301
201303
201304
201314
201315
201317
201318
201320
201321
201322
201323
201324
201330
201331
201332
201338
201340
201346
201347
201348
201354
201355
201358
201374
201375
201376
201379
201380
201381
201384
201385
201394
201395
201396
201399
201400
201401
201402
201403
201404
201410
201411
201412
201418
201420
201426
201427
201428
201434
201435
201438
201450
201451
201453
201454
201456
201457
201463
201464
201466
201467
208997
208998
209156
209244
209287
