463
465
467
501
503
1039
1041
1043
1077
1615
1617
1619
1653
2191
2193
2195
2229
2767
2769
2771
2805
3343
3345
3347
3381
3994
3996
4030
4032
4570
4572
4606
4608
5146
5148
5182
5184
5722
5724
5758
5760
6298
6300
6334
6336
6874
6876
6910
6912
7377
7379
7413
7415
7953
7955
7989
7991
8529
8531
8565
8567
9105
9107
9141
9143
9754
9756
9790
9792
10330
10332
10366
10368
10906
10908
10942
10944
11482
11484
11518
80257
80259
80261
80263
80265
80267
80269
80271
80273
80307
80309
80313
80315
80319
80321
80378
80380
80382
80384
80386
80388
80390
80392
80394
80428
80434
80440
80449
80451
80453
80455
80457
80459
80461
80463
80465
80499
80501
80505
80507
80511
80513
80572
80574
80578
80580
80584
80586
80620
80622
80626
80628
80632
80634
80641
80643
80645
80647
80649
80651
80653
80655
80657
80691
80697
80703
80762
80764
80766
80768
80770
80772
80774
80776
80778
80812
80818
80824
80835
80837
80841
80843
80847
80849
80883
80885
80889
80891
80895
80897
80956
80958
80962
80964
80968
80970
81004
81006
81010
81012
81016
81018
81025
81027
81029
81031
81033
81035
81037
81039
81041
81075
81081
81087
81146
81148
81150
81152
81154
81156
81158
81160
81162
81196
81202
81208
81217
81219
81221
81223
81225
81227
81229
81231
81233
81267
81273
81279
81338
81340
81342
81344
81346
81348
81350
81352
81354
81388
81394
81400
81411
81413
81417
81419
81423
81425
81459
81461
81465
81467
81471
81473
81532
81534
81538
81540
81544
81546
81580
81582
81586
81588
81592
81594
81601
81603
81605
81607
81609
81611
81613
81615
81617
81651
81657
81663
81722
81724
81726
81728
81730
81732
81734
81736
81738
81772
81778
81784
81793
81795
81797
81799
81801
81803
81805
81807
81809
81843
81849
81855
81914
81916
81918
81920
81922
81924
81926
81928
81930
81964
81970
81976
81987
81989
81993
81995
81999
82001
82035
82041
82047
82108
82110
82114
82116
82120
82122
82156
82162
82168
82177
82179
82181
82183
82185
82187
82203
82205
82209
82211
82240
82242
82246
82248
82264
82266
82270
82272
82286
82288
82290
82292
82294
82296
82312
82314
82318
82320
82323
82325
82329
82331
82347
82349
82353
82355
82371
82373
82377
82379
82395
82397
82401
82403
82432
82434
82438
82440
82456
82458
82462
82464
82465
82467
82469
82471
82473
82475
82491
82493
82497
82499
82526
82528
82530
82532
82534
82536
82552
82554
82558
82560
82561
82563
82565
82567
82569
82571
82587
82589
82593
82595
82622
82624
82626
82628
82630
82632
82648
82650
82654
82656
82659
82661
82665
82667
82683
82685
82689
82691
82720
82722
82726
82728
82744
82746
82750
82752
82753
82755
82757
82759
82761
82763
82771
82773
82775
82783
82785
82787
82795
82797
82799
82875
82877
82881
82883
82893
82895
82905
82907
82917
82919
83056
83058
83062
83064
83074
83076
83086
83088
83098
83100
83176
83178
83182
83184
83194
83196
83206
83208
83218
83220
83300
83302
83304
83312
83314
83316
83324
83326
83328
83336
83338
83340
83348
83350
83352
83422
83424
83434
83436
83446
83448
83458
83460
83470
83472
83481
83483
83493
83495
83505
83507
83517
83519
83529
83531
83601
83603
83613
83615
83625
83627
83637
83639
83649
83651
83715
83717
83721
83723
83733
83735
83745
83747
83757
83759
83835
83837
83841
83843
83853
83855
83865
83867
83877
83879
84016
84018
84022
84024
84034
84036
84046
84048
84058
84060
84136
84138
84142
84144
84154
84156
84166
84168
84178
84180
84193
84195
84197
84199
84201
84203
84211
84213
84215
84223
84225
84227
84235
84237
84239
84315
84317
84321
84323
84333
84335
84345
84347
84357
84359
84494
84496
84498
84500
84502
84504
84512
84514
84516
84524
84526
84528
84536
84538
84540
84616
84618
84622
84624
84634
84636
84646
84648
84658
84660
84673
84675
84677
84679
84681
84683
84691
84693
84695
84703
84705
84707
84715
84717
84719
84795
84797
84801
84803
84813
84815
84825
84827
84837
84839
84974
84976
84978
84980
84982
84984
84992
84994
84996
85004
85006
85008
85016
85018
85020
85096
85098
85102
85104
85114
85116
85126
85128
85138
85140
85155
85157
85161
85163
85173
85175
85185
85187
85197
85199
85275
85277
85281
85283
85293
85295
85305
85307
85317
85319
85456
85458
85462
85464
85474
85476
85486
85488
85498
85500
85576
85578
85582
85584
85594
85596
85606
85608
85618
85620
85639
85641
85643
85689
85691
85760
85762
85764
85810
85831
85833
85835
85881
85883
85954
85956
86002
86004
86023
86025
86027
86073
86144
86146
86148
86194
86211
86213
86217
86219
86259
86261
86265
86267
86332
86334
86338
86340
86380
86382
86386
86388
86403
86405
86407
86409
86411
86451
86457
86524
86526
86528
86530
86532
86572
86578
86599
86601
86603
86649
86720
86722
86724
86770
86787
86789
86793
86795
86835
86841
86843
86908
86910
86914
86916
86956
86962
86964
86979
86981
86983
86985
86987
87027
87033
87100
87102
87104
87106
87108
87148
87154
87175
87177
87179
87225
87296
87298
87300
87346
87369
87371
87417
87490
87492
87538
87553
87555
87557
87559
87561
87563
87581
87583
87614
87616
87618
87620
87622
87624
87642
87644
87666
87668
87670
87672
87690
87692
87701
87703
87705
87707
87725
87727
87762
87764
87766
87768
87786
87788
87797
87799
87801
87803
87821
87823
87845
87847
87849
87851
87869
87871
87906
87908
87910
87912
87930
87932
87939
87943
87947
87951
87955
87959
87963
87967
87971
87975
87979
87983
88063
88075
88087
88099
88240
88244
88248
88252
88256
88260
88264
88268
88272
88276
88280
88284
88364
88376
88388
88400
88484
88488
88496
88500
88508
88512
88520
88524
88604
88616
88628
88640
88663
88667
88675
88679
88687
88691
88699
88703
88783
88795
88807
88819
88964
88968
88976
88980
88988
88992
89000
89004
89084
89096
89108
89120
89143
89147
89155
89159
89167
89171
89179
89183
89251
89263
89275
89287
89359
89363
89371
89375
89383
89387
89395
89399
89467
89479
89491
89503
89636
89640
89648
89652
89660
89664
89672
89676
89756
89768
89780
89792
89809
89811
89813
89815
89817
89819
89821
89823
89825
89851
89853
89855
89857
89859
89861
89900
89902
89904
89906
89908
89910
89912
89914
89916
89942
89944
89946
89953
89955
89957
89959
89961
89963
89965
89967
89969
89995
89997
89999
90044
90046
90048
90050
90052
90054
90056
90058
90060
90086
90088
90090
90099
90101
90105
90107
90111
90113
90141
90143
90147
90149
90190
90192
90196
90198
90202
90204
90232
90234
90243
90245
90249
90251
90255
90257
90285
90287
90334
90336
90340
90342
90346
90348
90376
90378
90385
90387
90391
90393
90397
90399
90427
90429
90433
90435
90482
90484
90488
90490
90518
90520
90524
90526
90531
90533
90537
90539
90543
90545
90573
90575
90622
90624
90628
90630
90634
90636
90664
90666
90673
90675
90679
90681
90685
90687
90715
90717
90721
90723
90770
90772
90776
90778
90806
90808
90812
90814
90819
90821
90825
90827
90831
90833
90861
90863
90910
90912
90916
90918
90922
90924
90952
90954
90963
90965
90969
90971
90975
90977
91005
91007
91011
91013
91054
91056
91060
91062
91066
91068
91096
91098
91102
91104
91107
91113
91119
91149
91155
91198
91204
91210
91240
91246
91255
91257
91259
91261
91263
91265
91291
91293
91295
91297
91299
91301
91329
91331
91335
91337
91365
91367
91371
91418
91420
91422
91424
91426
91428
91454
91456
91458
91460
91462
91464
91492
91494
91498
91500
91528
91530
91534
91564
91566
91570
91572
91600
91602
91636
91642
91672
91689
91691
91695
91697
91725
91727
91761
91767
91797
91850
91852
91856
91858
91886
91888
91903
91905
91909
91911
91939
91941
91994
91996
92000
92002
92030
92032
92047
92049
92053
92055
92083
92085
92121
92123
92127
92129
92157
92159
92163
92165
92212
92214
92218
92220
92248
92250
92254
92256
92265
92267
92271
92273
92301
92303
92307
92356
92358
92362
92364
92392
92394
92398
92407
92409
92413
92415
92443
92445
92498
92500
92504
92506
92534
92536
92551
92553
92557
92559
92587
92589
92642
92644
92648
92650
92678
92680
92714
92716
92720
92722
92750
92752
92767
92769
92773
92775
92803
92805
92858
92860
92864
92866
92894
92896
92913
92919
92949
92985
92987
92991
92993
93021
93027
93076
93078
93082
93084
93112
93118
93129
93131
93165
93220
93222
93256
93290
93292
93296
93298
93326
93328
93343
93345
93349
93351
93379
93381
93434
93436
93440
93442
93470
93472
93489
93495
93525
139561
139565
139580
139583
139771
139775
139788
139791
139975
139979
139992
139995
140179
140183
140196
140199
140383
140387
140400
140403
140587
140591
140604
140607
140810
140812
140822
140824
141014
141016
141026
141028
141218
141220
141230
141232
141422
141424
141434
141436
141626
141628
141638
141640
141830
141832
141842
141844
142013
142016
142031
142034
142217
142220
142235
142238
142421
142424
142439
142442
142625
142628
142643
142646
142850
142852
142862
142864
143054
143056
143066
143068
143258
143260
143270
143272
143441
143443
143451
143452
186237
186238
186239
186240
186249
186250
186251
186257
186258
186259
186265
186266
186270
186271
186274
186285
186286
186287
186293
186294
186295
186301
186302
186306
186307
186311
186313
186345
186346
186347
186348
186353
186354
186355
186358
186359
186360
186363
186364
186366
186367
186368
186381
186382
186383
186386
186387
186388
186389
186391
186392
186393
186394
186395
186396
186405
186406
186407
186413
186414
186415
186421
186422
186426
186427
186430
186441
186442
186443
186449
186450
186451
186457
186458
186462
186463
186467
186469
186495
186496
186497
186500
186501
186502
186505
186506
186508
186509
186511
186512
186531
186532
186533
186536
186537
186538
186541
186542
186544
186545
186547
186548
186549
186550
186551
186552
186561
186562
186563
186569
186570
186571
186577
186578
186582
186583
186586
186597
186598
186599
186605
186606
186609
186610
186614
186616
186645
186646
186647
186648
186653
186654
186655
186658
186659
186660
186663
186664
186666
186667
186668
186681
186682
186683
186686
186687
186688
186689
186691
186692
186693
186694
186695
186701
186702
186703
186709
186710
186714
186715
186719
186721
186729
186730
186731
186737
186738
186739
186745
186746
186750
186751
186755
186757
186783
186784
186785
186788
186789
186790
186793
186794
186796
186797
186799
186800
186819
186820
186821
186824
186825
186826
186829
186830
186832
186833
186835
186836
186837
186838
186839
186840
186849
186850
186851
186857
186858
186859
186865
186866
186870
186871
186874
186885
186886
186887
186893
186894
186897
186898
186902
186904
186933
186934
186935
186936
186941
186942
186943
186946
186947
186948
186951
186952
186954
186955
186956
186969
186970
186971
186974
186975
186976
186977
186979
186980
186981
186982
186983
186984
186993
186994
186995
187001
187002
187003
187009
187010
187014
187015
187018
187029
187030
187031
187037
187038
187041
187042
187046
187048
187077
187078
187079
187080
187085
187086
187087
187090
187091
187092
187095
187096
187098
187099
187100
187113
187114
187115
187118
187119
187120
187121
187123
187124
187125
187126
187127
187133
187134
187135
187141
187142
187146
187147
187151
187153
187161
187162
187163
187169
187170
187171
187177
187178
187182
187183
187187
187189
187215
187216
187217
187220
187221
187222
187225
187226
187228
187229
187231
187232
187251
187252
187253
187256
187257
187258
187261
187262
187264
187265
187267
187268
187269
187270
187271
187272
187281
187282
187283
187289
187290
187291
187297
187298
187302
187303
187306
187317
187318
187319
187325
187326
187329
187330
187334
187336
187365
187366
187367
187368
187373
187374
187375
187378
187379
187380
187383
187384
187386
187387
187388
187401
187402
187403
187406
187407
187408
187409
187411
187412
187413
187414
187415
187416
187425
187426
187427
187433
187434
187435
187441
187442
187446
187447
187450
187461
187462
187463
187469
187470
187473
187474
187478
187480
187509
187510
187511
187512
187517
187518
187519
187522
187523
187524
187527
187528
187530
187531
187532
187545
187546
187547
187550
187551
187552
187553
187555
187556
187557
187558
187559
187565
187566
187567
187573
187574
187578
187579
187583
187585
187593
187594
187595
187601
187602
187605
187606
187610
187612
187635
187636
187637
187640
187641
187642
187645
187646
187648
187649
187651
187652
187665
187666
187667
187670
187671
187672
187673
187675
187676
187677
187678
187679
187680
187689
187690
187691
187703
187704
187705
187711
187712
187713
187733
187734
187735
187738
187739
187740
187753
187754
187755
187758
187759
187760
187776
187777
187778
187779
187784
187785
187786
187799
187800
187801
187804
187805
187806
187809
187810
187811
187817
187818
187819
187829
187830
187831
187837
187838
187839
187849
187850
187851
187857
187858
187859
187869
187870
187871
187877
187878
187879
187899
187900
187901
187904
187905
187906
187919
187920
187921
187924
187925
187926
187929
187930
187931
187932
187941
187942
187943
187955
187956
187957
187963
187964
187965
187988
187989
187990
187991
187996
187997
187998
188011
188012
188013
188016
188017
188018
188021
188022
188023
188024
188033
188034
188035
188047
188048
188049
188055
188056
188057
188080
188081
188082
188083
188088
188089
188090
188103
188104
188105
188108
188109
188110
188113
188114
188115
188121
188122
188123
188133
188134
188135
188141
188142
188143
188163
188164
188165
188168
188169
188170
188183
188184
188185
188188
188189
188190
188193
188194
188195
188196
188205
188206
188207
188213
188214
188215
188221
188222
188226
188227
188228
188234
188235
188239
188240
188241
188247
188248
188252
188253
188256
188273
188274
188275
188281
188282
188283
188289
188290
188294
188295
188299
188300
188304
188305
188309
188310
188314
188315
188319
188321
188363
188364
188365
188368
188369
188370
188373
188374
188376
188377
188379
188380
188382
188383
188385
188386
188388
188389
188391
188392
188423
188424
188425
188428
188429
188430
188433
188434
188436
188437
188439
188440
188442
188443
188445
188446
188448
188449
188451
188452
188493
188494
188495
188498
188499
188501
188502
188503
188506
188507
188509
188510
188511
188514
188515
188517
188518
188519
188522
188523
188525
188526
188527
188530
188531
188563
188564
188566
188567
188569
188570
188572
188573
188575
188576
188578
188579
188581
188582
188584
188585
188587
188588
188590
188591
188593
188594
188598
188599
188603
188604
188608
188609
188613
188614
188618
188619
188623
188624
188628
188629
188633
188634
188638
188639
188653
188654
188658
188659
188663
188664
188668
188669
188673
188674
188678
188679
188683
188684
188688
188689
188693
188694
188698
188699
188713
188714
188715
188721
188722
188723
188729
188730
188734
188735
188739
188740
188744
188745
188749
188750
188754
188755
188759
188761
188773
188774
188775
188781
188782
188783
188789
188790
188794
188795
188799
188800
188804
188805
188809
188810
188814
188815
188819
188821
188863
188864
188865
188868
188869
188870
188873
188874
188876
188877
188879
188880
188882
188883
188885
188886
188888
188889
188891
188892
188923
188924
188925
188928
188929
188930
188933
188934
188936
188937
188939
188940
188942
188943
188945
188946
188948
188949
188951
188952
188953
188954
188955
188956
188965
188966
188967
188973
188974
188975
188981
188982
188986
188987
188988
188994
188995
188999
189000
189001
189007
189008
189012
189013
189016
189033
189034
189035
189041
189042
189043
189049
189050
189054
189055
189059
189060
189064
189065
189069
189070
189074
189075
189079
189081
189133
189134
189135
189136
189141
189142
189143
189146
189147
189148
189151
189152
189154
189155
189156
189159
189160
189162
189163
189164
189167
189168
189170
189171
189172
189203
189204
189205
189208
189209
189210
189213
189214
189216
189217
189219
189220
189222
189223
189225
189226
189228
189229
189231
189232
189233
189234
189235
189236
189245
189246
189247
189253
189254
189255
189261
189262
189266
189267
189268
189274
189275
189279
189280
189281
189287
189288
189292
189293
189296
189313
189314
189315
189321
189322
189323
189329
189330
189334
189335
189339
189340
189344
189345
189349
189350
189354
189355
189359
189361
189413
189414
189415
189416
189421
189422
189423
189426
189427
189428
189431
189432
189434
189435
189436
189439
189440
189442
189443
189444
189447
189448
189450
189451
189452
189483
189484
189485
189488
189489
189490
189493
189494
189496
189497
189499
189500
189502
189503
189505
189506
189508
189509
189511
189512
189513
189514
189515
189521
189522
189523
189529
189530
189534
189535
189539
189540
189544
189545
189549
189550
189554
189555
189559
189561
189573
189574
189575
189581
189582
189583
189589
189590
189594
189595
189599
189600
189604
189605
189609
189610
189614
189615
189619
189621
189663
189664
189665
189668
189669
189670
189673
189674
189676
189677
189679
189680
189682
189683
189685
189686
189688
189689
189691
189692
189723
189724
189725
189728
189729
189730
189733
189734
189736
189737
189739
189740
189742
189743
189745
189746
189748
189749
189751
189752
189753
189754
189755
189761
189762
189766
189767
189770
189775
189776
189780
189781
189785
189787
189802
189803
189804
189807
189808
189810
189811
189812
189818
189819
189821
189822
189823
189824
189825
189831
189832
189836
189837
189840
189845
189846
189850
189851
189855
189857
189869
189870
189872
189873
189875
189876
189885
189886
189888
189889
189891
189892
189893
189894
189895
189901
189902
189906
189907
189910
189915
189916
189920
189922
189936
189937
189938
189941
189942
189944
189945
189946
189952
189953
189955
189956
189957
189958
189959
189965
189966
189967
189973
189975
189981
189982
189983
189989
189990
189991
189997
189999
190017
190018
190019
190022
190023
190024
190027
190028
190041
190042
190043
190046
190047
190048
190051
190052
190053
190054
190055
190056
190064
190065
190066
190072
190073
190076
190083
190084
190085
190091
190092
190095
190114
190115
190116
190117
190121
190122
190123
190126
190127
190128
190137
190138
190139
190142
190143
190144
190145
190146
190147
190153
190154
190158
190159
190162
190167
190168
190172
190174
190188
190189
190190
190193
190194
190196
190197
190198
190204
190205
190207
190208
190209
190210
190211
190217
190218
190219
190225
190227
190233
190234
190235
190241
190242
190243
190248
190250
190267
190268
190269
190272
190273
190274
190277
190278
190290
190291
190292
190295
190296
190297
190299
190300
190301
190302
190303
190304
190312
190313
190314
190320
190321
190324
190331
190332
190333
190339
190340
190343
190362
190363
190364
190365
190369
190370
190371
190374
190375
190376
190385
190386
190387
190390
190391
190392
190393
190394
190395
190401
190402
190406
190407
190410
190415
190416
190420
190422
190436
190437
190438
190441
190442
190444
190445
190446
190452
190453
190455
190456
190457
190458
190462
190463
190467
190469
190473
190474
190478
190480
190491
190492
190494
190495
190497
190498
190504
190505
190507
190508
190509
190510
190511
190512
190521
190522
190523
190535
190536
190537
190543
190544
190562
190563
190564
190565
190570
190571
190572
190582
190583
190584
190587
190588
190599
190600
190601
190604
190605
190606
190616
190617
190618
190621
190622
190623
190624
190625
190631
190632
190633
190643
190644
190645
190651
190652
190667
190668
190669
190672
190673
190674
190684
190685
190686
190689
190690
190691
190692
190693
190699
190700
190701
190711
190712
190713
190719
190720
190725
190726
190727
190733
190734
190735
190745
190746
190747
190753
190754
190769
190770
190771
190774
190775
190776
190786
190787
190788
190791
190792
190793
190794
190795
190801
190802
190806
190807
190808
190814
190815
190819
190820
190821
190827
190828
190832
190833
190834
190840
190841
190845
190846
190849
190863
190864
190868
190870
190871
190875
190877
190878
190882
190884
190885
190889
190891
190932
190933
190934
190937
190938
190940
190941
190942
190945
190946
190948
190949
190950
190953
190954
190956
190957
190958
190961
190962
190964
190965
190966
190984
190985
190987
190988
190989
190991
190992
190993
190995
190996
190997
190999
191000
191027
191028
191030
191031
191033
191034
191036
191037
191039
191040
191042
191043
191045
191046
191048
191049
191051
191052
191070
191071
191073
191074
191075
191077
191078
191079
191081
191082
191083
191085
191086
191087
191088
191092
191093
191097
191098
191102
191103
191107
191108
191112
191113
191117
191118
191122
191123
191127
191129
191139
191140
191144
191146
191147
191151
191153
191154
191158
191160
191161
191165
191167
191199
191200
191202
191203
191205
191206
191208
191209
191211
191212
191214
191215
191217
191218
191220
191221
191223
191224
191242
191243
191245
191246
191247
191249
191250
191251
191253
191254
191255
191257
191258
191259
191260
191264
191265
191269
191270
191274
191275
191279
191280
191284
191285
191289
191290
191294
191295
191299
191301
191311
191312
191316
191318
191319
191323
191325
191326
191330
191332
191333
191337
191339
191345
191346
191350
191351
191355
191356
191360
191361
191365
191366
191370
191371
191375
191376
191380
191381
191385
191387
191397
191398
191402
191404
191405
191409
191411
191412
191416
191418
191419
191423
191425
191457
191458
191460
191461
191463
191464
191466
191467
191469
191470
191472
191473
191475
191476
191478
191479
191481
191482
191500
191501
191503
191504
191505
191507
191508
191509
191511
191512
191513
191515
191516
191517
191518
191519
191520
191529
191530
191531
191537
191538
191539
191545
191546
191559
191560
191561
191567
191568
191572
191573
191574
191580
191581
191612
191613
191614
191615
191620
191621
191622
191625
191626
191627
191630
191631
191644
191645
191646
191649
191650
191652
191653
191654
191655
191656
191657
191658
191667
191668
191669
191675
191676
191677
191683
191684
191697
191698
191699
191705
191706
191710
191711
191714
191740
191741
191742
191743
191748
191749
191750
191753
191754
191755
191758
191759
191772
191773
191774
191777
191778
191780
191781
191782
191783
191784
191785
191791
191792
191793
191799
191800
191804
191805
191815
191816
191820
191821
191825
191826
191830
191831
191855
191856
191857
191860
191861
191862
191865
191866
191868
191869
191879
191880
191882
191883
191885
191886
191887
191888
191889
191895
191896
191897
191903
191904
191908
191909
191919
191920
191924
191925
191929
191931
191951
191952
191953
191956
191957
191958
191961
191962
191964
191965
191975
191976
191978
191979
191981
191982
191983
191984
191985
191986
191995
191996
191999
192000
192001
192007
192015
192016
192017
192023
192025
192026
192027
192033
192051
192052
192053
192056
192057
192058
192059
192062
192075
192076
192077
192080
192081
192082
192083
192086
192087
192088
192089
192095
192096
192097
192103
192104
192108
192109
192119
192120
192124
192125
192129
192131
192151
192152
192153
192156
192157
192158
192161
192162
192164
192165
192175
192176
192178
192179
192181
192182
192183
192184
192185
192186
192195
192196
192199
192200
192201
192207
192215
192216
192217
192223
192225
192226
192227
192233
192251
192252
192253
192256
192257
192258
192259
192262
192275
192276
192277
192280
192281
192282
192283
192286
192287
192288
192289
192295
192296
192297
192303
192304
192308
192309
192319
192320
192324
192325
192329
192331
192351
192352
192353
192356
192357
192358
192361
192362
192364
192365
192375
192376
192378
192379
192381
192382
192383
192384
192385
192391
192392
192393
192399
192400
192404
192405
192415
192416
192420
192421
192425
192426
192430
192431
192455
192456
192457
192460
192461
192462
192465
192466
192468
192469
192483
192484
192486
192487
192489
192490
192492
192493
192495
192496
192497
192503
192504
192507
192508
192512
192517
192518
192522
192524
192525
192529
192544
192545
192546
192549
192550
192551
192552
192554
192563
192564
192566
192567
192568
192570
192571
192572
192573
192579
192580
192584
192585
192586
192592
192593
192603
192604
192605
192611
192612
192616
192617
192618
192624
192625
192635
192636
192640
192641
192645
192646
192650
192651
192659
192660
192664
192665
192669
192670
192674
192675
192697
192698
192699
192702
192703
192705
192706
192707
192710
192711
192729
192730
192731
192734
192735
192737
192738
192739
192742
192743
192757
192758
192760
192761
192763
192764
192766
192767
192780
192781
192783
192784
192786
192787
192789
192790
192803
192804
192806
192807
192809
192810
192812
192813
192823
192824
192826
192827
192829
192830
192839
192840
192842
192843
192844
192846
192852
192853
192855
192856
192857
192858
192862
192863
192867
192868
192872
192873
192881
192882
192886
192887
192891
192893
192897
192898
192902
192904
192905
192909
192913
192914
192918
192920
192935
192936
192937
192940
192941
192942
192943
192946
192955
192956
192957
192960
192961
192962
192963
192964
192965
192971
192973
192974
192975
192981
192987
192988
192989
192995
192997
192998
193015
193016
193017
193020
193021
193022
193023
193026
193035
193036
193037
193040
193041
193042
193043
193044
193045
193051
193053
193054
193055
193061
193067
193068
193069
193075
193077
193078
193083
193084
193088
193089
193093
193094
193098
193099
193107
193108
193112
193113
193117
193118
193122
193123
193143
193144
193146
193147
193149
193150
193152
193153
193167
193168
193170
193171
193173
193174
193176
193177
193179
193180
193184
193185
193189
193190
193194
193195
193203
193204
193208
193209
193213
193214
193218
193219
193237
193238
193240
193241
193243
193244
193246
193247
193260
193261
193263
193264
193266
193267
193269
193270
193271
193272
193273
193279
193281
193282
193283
193289
193295
193296
193297
193303
193305
193306
193323
193324
193325
193328
193329
193330
193331
193334
193343
193344
193345
193348
193349
193350
193351
193352
193353
193359
193361
193362
193363
193369
193375
193376
193377
193383
193385
193386
193403
193404
193405
193408
193409
193410
193411
193414
193423
193424
193425
193428
193429
193430
193443
193444
193445
193448
193449
193450
193451
193454
193463
193464
193465
193468
193469
193470
193471
193472
193473
193479
193481
193482
193483
193489
193495
193496
193497
193503
193505
193506
193523
193524
193525
193528
193529
193530
193531
193534
193543
193544
193545
193548
193549
193550
193551
193552
193556
193558
193559
193563
193567
193568
193572
193574
193577
193578
193582
193583
193587
193588
193592
193593
193601
193602
193606
193608
193609
193613
193629
193630
193632
193633
193635
193636
193638
193639
193649
193650
193652
193653
193654
193656
193657
193658
193662
193663
193667
193669
193673
193674
193678
193680
193691
193692
193694
193695
193697
193698
193704
193705
193707
193708
193721
193722
193723
193726
193727
193728
193729
193732
193741
193742
193743
193746
193747
193748
193749
193750
193751
193757
193759
193760
193761
193767
193773
193774
193775
193781
193783
193784
193801
193802
193803
193806
193807
193808
193809
193812
193821
193822
193823
193826
193827
193828
193829
193830
193834
193836
193837
193841
193845
193846
193850
193852
