65283
65284
65289
65290
65361
65362
67156
67162
67233
70399
70401
70438
72271
72273
72310
74143
74145
74182
76015
76017
76054
77889
77895
77926
79761
79767
79798
90141
90142
90147
90148
90214
90232
105849
105850
105855
105856
105922
105940
176094
176099
176103
176104
176198
176203
176205
178056
178060
178061
178119
178123
180127
180129
180130
180146
180148
181296
181298
181299
181315
181317
182465
182467
182468
182484
182486
183634
183636
183637
183653
183655
184804
184808
184810
184824
184828
185973
185977
185979
185993
185997
191819
191825
191828
191829
191835
191837
191873
191877
191881
191885
200940
200946
200949
200950
200956
200958
200978
200982
200986
200990
65281
65282
65463
65464
67154
67336
69265
69271
71137
71143
73009
73015
74881
74887
76555
76561
78427
78433
90149
90150
90387
90388
103587
103588
103589
103590
176102
176356
176357
176360
178059
178216
178218
179428
179433
179434
180597
180602
180603
181766
181771
181772
182935
182940
182941
183939
183946
183947
185108
185115
185116
191834
191838
191994
191995
191998
192012
199548
199550
199551
199553
199556
199557
65281
65282
65283
65284
67154
67156
69271
70399
71143
72271
73015
74143
74887
76015
76561
77895
78433
79767
90147
90148
90149
90150
103589
103590
105855
105856
176093
176100
176102
176104
178057
178059
178061
179434
180128
180129
180603
181297
181298
181772
182466
182467
182941
183635
183636
183947
184809
184810
185116
185978
185979
191829
191831
191832
191834
191837
191838
199553
199557
200947
200948
200950
200958
