104
106
108
142
144
463
465
467
501
503
680
682
684
718
1039
1041
1043
1077
1256
1258
1260
1294
1615
1617
1619
1653
1832
1834
1836
1870
2191
2193
2195
2229
2408
2410
2412
2446
2767
2769
2771
2805
2984
2986
2988
3022
3343
3345
3347
3381
3489
3491
3525
3527
3994
3996
4030
4032
4065
4067
4101
4103
4570
4572
4606
4608
4641
4643
4677
4679
5146
5148
5182
5184
5217
5219
5253
5255
5722
5724
5758
5760
5793
5795
5829
5831
6298
6300
6334
6336
6369
6371
6405
6407
6874
6876
6910
6912
7018
7020
7054
7056
7377
7379
7413
7415
7594
7596
7630
7632
7953
7955
7989
7991
8170
8172
8206
8208
8529
8531
8565
8567
8746
8748
8782
8784
9105
9107
9141
9143
9249
9251
9285
9287
9754
9756
9790
9792
9825
9827
9861
9863
10330
10332
10366
10368
10401
10403
10437
10439
10906
10908
10942
10944
10977
10979
11013
11482
11484
11518
11527
11529
11531
11539
11541
11543
11551
11553
11555
11565
11567
11577
11579
11589
11591
11672
11674
11676
11684
11686
11688
11696
11698
11700
11710
11712
11722
11724
11734
11736
12176
12178
12180
12188
12190
12192
12200
12202
12204
12214
12226
12238
12535
12537
12539
12547
12549
12551
12559
12561
12563
12573
12585
12597
12752
12754
12756
12764
12766
12768
12776
12778
12780
12790
12802
12814
13111
13113
13115
13123
13125
13127
13135
13137
13139
13149
13161
13173
13328
13330
13332
13340
13342
13344
13352
13354
13356
13366
13378
13390
13687
13689
13691
13699
13701
13703
13711
13713
13715
13725
13737
13749
13904
13906
13908
13916
13918
13920
13928
13930
13932
13942
13954
13966
14263
14265
14267
14275
14277
14279
14287
14289
14291
14301
14313
14325
14480
14482
14484
14492
14494
14496
14504
14506
14508
14518
14530
14542
14839
14841
14843
14851
14853
14855
14863
14865
14867
14877
14889
14901
14985
14987
14997
14999
15009
15011
15021
15023
15033
15035
15045
15047
15490
15492
15502
15504
15514
15516
15526
15528
15538
15540
15550
15552
15561
15563
15573
15575
15585
15587
15597
15599
15609
15611
15621
15623
16066
16068
16078
16080
16090
16092
16102
16104
16114
16116
16126
16128
16137
16139
16149
16151
16161
16163
16173
16175
16185
16187
16197
16199
16642
16644
16654
16656
16666
16668
16678
16680
16690
16692
16702
16704
16713
16715
16725
16727
16737
16739
16749
16751
16761
16763
16773
16775
17218
17220
17230
17232
17242
17244
17254
17256
17266
17268
17278
17280
17289
17291
17301
17303
17313
17315
17325
17327
17337
17339
17349
17351
17794
17796
17806
17808
17818
17820
17830
17832
17842
17844
17854
17856
17865
17867
17877
17879
17889
17891
17901
17903
17913
17915
17925
17927
18370
18372
18382
18384
18394
18396
18406
18408
18418
18420
18430
18432
18514
18516
18526
18528
18538
18540
18550
18552
18562
18564
18574
18576
18873
18875
18885
18887
18897
18899
18909
18911
18921
18923
18933
18935
19090
19092
19102
19104
19114
19116
19126
19128
19138
19140
19150
19152
19449
19451
19461
19463
19473
19475
19485
19487
19497
19499
19509
19511
19666
19668
19678
19680
19690
19692
19702
19704
19714
19716
19726
19728
20025
20027
20037
20039
20049
20051
20061
20063
20073
20075
20085
20087
20242
20244
20254
20256
20266
20268
20278
20280
20290
20292
20302
20304
20601
20603
20613
20615
20625
20627
20637
20639
20649
20651
20661
20663
20745
20747
20757
20759
20769
20771
20781
20783
20793
20795
20805
20807
21250
21252
21262
21264
21274
21276
21286
21288
21298
21300
21310
21312
21321
21323
21333
21335
21345
21347
21357
21359
21369
21371
21381
21383
21826
21828
21838
21840
21850
21852
21862
21864
21874
21876
21886
21888
21897
21899
21909
21911
21921
21923
21933
21935
21945
21947
21957
21959
22402
22404
22414
22416
22426
22428
22438
22440
22450
22452
22462
22464
22473
22475
22485
22487
22497
22499
22509
22521
22533
22978
22980
22990
22992
23002
23004
23014
23026
23038
23047
23049
23051
23059
23061
23063
23071
23072
23073
23074
23075
23076
23085
23087
23097
23099
23109
23110
23111
23112
23121
23123
23133
23135
23145
23146
23147
23148
23157
23159
23169
23171
23181
23182
23183
23184
23193
23195
23205
23207
23217
23218
23219
23220
23229
23231
23241
23243
23253
23254
23255
23256
23264
23266
23268
23276
23278
23280
23287
23288
23289
23290
23291
23292
23302
23314
23325
23326
23336
23338
23340
23348
23350
23352
23359
23360
23361
23362
23363
23364
23374
23386
23397
23398
23431
23432
23433
23434
23435
23436
23469
23470
23471
23480
23482
23484
23492
23494
23496
23504
23506
23508
23518
23530
23542
23545
23546
23547
23548
23549
23550
23583
23584
23585
23721
23723
23757
23759
23762
23763
23764
23765
23766
23799
23800
23801
23802
23936
23938
23940
23974
24007
24009
24010
24011
24012
24045
24046
24047
24048
24124
24126
24160
24195
24197
24231
24298
24300
24334
24336
24368
24370
24372
24406
24408
24409
24411
24413
24447
24481
24483
24485
24519
24556
24558
24592
24594
24628
24630
24664
24666
24729
24731
24765
24767
24799
24801
24803
24837
24839
24842
24844
24846
24880
24914
24916
24918
24952
24987
24989
25023
25025
25059
25061
25095
25097
25162
25164
25198
25200
25232
25234
25236
25270
25272
25273
25275
25277
25311
25345
25347
25349
25383
25420
25422
25456
25458
25492
25494
25528
25530
25593
25595
25629
25631
25663
25665
25667
25701
25703
25711
25713
25715
25723
25725
25727
25735
25737
25739
25749
25751
25761
25763
25773
25775
25807
25809
25811
25845
25879
25881
25883
25917
25954
25956
25990
25992
26026
26028
26062
26064
26098
26100
26134
26136
26144
26146
26148
26156
26158
26160
26168
26170
26172
26182
26184
26194
26196
26206
26208
26216
26218
26220
26228
26230
26232
26240
26242
26244
26254
26266
26278
26288
26290
26292
26300
26302
26304
26312
26314
26316
26326
26338
26350
26361
26363
26373
26375
26385
26387
26397
26399
26409
26411
26421
26423
26433
26435
26445
26447
26457
26459
26469
26481
26493
26529
26530
26531
26532
26565
26566
26567
26568
26578
26580
26590
26592
26602
26604
26614
26616
26626
26628
26638
26640
26673
26674
26675
26676
26709
26710
26711
26712
26746
26748
26782
26784
26818
26820
26854
26856
26960
26962
26964
26998
27008
27010
27012
27020
27022
27024
27032
27034
27036
27046
27058
27070
27105
27106
27107
27108
27141
27142
27143
27144
27178
27180
27214
27216
27250
27252
27286
27288
27322
27324
27358
27360
27394
27396
27430
27432
27442
27444
27454
27456
27466
27468
27478
27480
27490
27492
27502
27504
27536
27538
27540
27574
27584
27586
27588
27596
27598
27600
27608
27610
27612
27622
27634
27646
27681
27682
27683
27684
27717
27718
27719
27720
27754
27756
27790
27792
27826
27828
27862
27864
27898
27900
27934
27936
27970
27972
28006
28008
28018
28020
28030
28032
28042
28044
28054
28056
28066
28068
28078
28080
28112
28114
28116
28150
28160
28162
28164
28172
28174
28176
28184
28186
28188
28198
28210
28222
28257
28258
28259
28260
28293
28294
28295
28296
28330
28332
28366
28368
28401
28402
28403
28404
28437
28438
28439
28440
28474
28476
28510
28512
28545
28546
28547
28548
28581
28582
28583
28584
28618
28620
28654
28656
28689
28690
28691
28692
28725
28726
28727
28728
28833
28834
28835
28836
28869
28870
28871
28872
28977
28978
28979
28980
29013
29014
29015
29016
29097
29099
29109
29111
29121
29122
29123
29124
29133
29135
29145
29147
29157
29158
29159
29160
29241
29243
29253
29255
29265
29266
29267
29268
29277
29279
29289
29291
29301
29302
29303
29304
29385
29387
29397
29399
29409
29410
29411
29412
29421
29423
29433
29435
29445
29446
29447
29448
29527
29529
29531
29539
29541
29543
29551
29552
29553
29554
29555
29556
29565
29567
29577
29579
29589
29590
29591
29592
29673
29675
29685
29687
29697
29698
29699
29700
29709
29711
29721
29723
29733
29734
29735
29736
29817
29819
29829
29831
29841
29842
29843
29844
29853
29865
29877
29878
29983
29984
29985
29986
29987
29988
30021
30022
30023
30024
30056
30058
30060
30094
30096
30128
30130
30132
30166
30168
30200
30202
30204
30238
30240
30273
30274
30275
30276
30309
30310
30311
30312
30346
30348
30382
30384
30418
30420
30454
30456
30490
30492
30526
30528
30561
30562
30563
30564
30597
30598
30599
30600
30634
30636
30670
30672
30706
30708
30742
30744
30778
30780
30814
30816
30849
30850
30851
30852
30885
30886
30922
30924
30958
30993
30994
30995
30996
31029
31030
31113
31115
31125
31127
31137
31138
31139
31140
31149
31151
31161
31163
31173
31174
31175
31176
31257
31259
31269
31271
31281
31282
31283
31284
31293
31295
31305
31307
31317
31318
31319
31320
31401
31403
31413
31415
31425
31426
31427
31428
31437
31439
31449
31451
31461
31462
31463
31464
31545
31547
31557
31559
31569
31570
31571
31572
31581
31583
31593
31595
31605
31606
31607
31608
31687
31689
31691
31699
31701
31703
31711
31712
31713
31714
31715
31716
31725
31727
31737
31739
31749
31750
31751
31752
31833
31835
31845
31847
31857
31858
31859
31860
31869
31871
31881
31883
31893
31894
31895
31896
31977
31979
31989
31991
32001
32002
32003
32004
32013
32015
32025
32027
32037
32038
32039
32040
32121
32123
32133
32135
32145
32146
32147
32148
32157
32169
32181
32182
32289
32290
32291
32292
32325
32326
32327
32328
32362
32364
32398
32400
32433
32434
32435
32436
32469
32470
32471
32472
32577
32578
32579
32580
32613
32614
32615
32616
32650
32652
32686
32688
32721
32722
32723
32724
32757
32758
32759
32760
32865
32866
32867
32868
32901
32902
32903
32904
32938
32940
32974
32976
33009
33010
33011
33012
33045
33046
33047
33048
33153
33154
33155
33156
33189
33190
33226
33228
33262
33298
33300
33334
33370
33372
33406
33442
33444
33478
33480
33490
33492
33502
33504
33514
33516
33526
33528
33538
33540
33550
33552
33586
33588
33622
33624
33634
33636
33646
33648
33658
33660
33670
33672
33682
33684
33694
33696
33730
33732
33766
33768
33778
33780
33790
33792
33802
33804
33814
33816
33826
33828
33838
33840
33874
33876
33910
33922
33924
33934
33936
33946
33948
33958
33970
33982
34018
34020
34054
34056
34066
34068
34078
34080
34090
34092
34102
34104
34114
34116
34126
34128
34162
34164
34198
34200
34210
34212
34222
34224
34234
34236
34246
34248
34258
34260
34270
34272
34306
34308
34342
34344
34354
34356
34366
34368
34378
34380
34390
34392
34402
34404
34414
34416
34450
34452
34486
34498
34500
34510
34512
34522
34524
34534
34546
34558
34561
34562
34563
34564
34565
34566
34587
34588
34589
34590
34609
34610
34611
34612
34613
34614
34635
34636
34637
34638
34658
34660
34662
34684
34686
34706
34708
34710
34732
34734
34754
34756
34758
34780
34782
34802
34804
34806
34828
34830
34850
34852
34854
34876
34878
34945
34946
34947
34948
34949
34950
34971
34972
34994
34996
34998
35020
35042
35044
35046
35068
35090
35092
35094
35116
35138
35140
35142
35164
35186
35188
35190
35212
35234
35236
35238
35260
35282
35284
35286
35308
35329
35330
35331
35332
35333
35334
35355
35356
35378
35380
35382
35404
35426
35428
35430
35452
35474
35476
35478
35500
35522
35524
35526
35548
35570
35572
35574
35596
35618
35620
35622
35644
35666
35668
35670
35692
35713
35714
35715
35716
35717
35718
35739
35740
35762
35764
35766
35788
35810
35812
35814
35836
35858
35860
35862
35884
35906
35908
35910
35932
35954
35956
35958
35980
36002
36004
36006
36028
36050
36052
36054
36076
36097
36098
36099
36100
36101
36102
36123
36124
36146
36148
36150
36172
36194
36196
36198
36220
36242
36244
36246
36268
36290
36292
36294
36316
36338
36340
36342
36364
36386
36388
36390
36412
36434
36436
36438
36460
36481
36482
36483
36484
36485
36486
36507
36508
36530
36532
36534
36556
36578
36580
36582
36604
36626
36628
36630
36652
36674
36676
36678
36700
36722
36724
36726
36748
36770
36772
36774
36796
36818
36820
36822
36844
36867
36868
36869
36870
36891
36892
36893
36894
36916
36918
36940
36942
36963
36964
36965
36966
36987
36988
36989
36990
37059
37060
37061
37062
37083
37084
37085
37086
37155
37156
37157
37158
37179
37180
37181
37182
37251
37252
37253
37254
37275
37276
37277
37278
37300
37302
37324
37326
37347
37348
37349
37350
37371
37372
37373
37374
37443
37444
37445
37446
37467
37468
37469
37470
37539
37540
37541
37542
37563
37564
37565
37566
37635
37636
37637
37638
37659
37660
37661
37662
37684
37686
37708
37710
37731
37732
37733
37734
37755
37756
37757
37758
37827
37828
37829
37830
37851
37852
37853
37854
37923
37924
37925
37926
37947
37948
37949
37950
38019
38020
38021
38022
38043
38044
38045
38046
38068
38070
38092
38094
38115
38116
38117
38118
38139
38140
38141
38142
38211
38212
38213
38214
38235
38236
38237
38238
38307
38308
38309
38310
38331
38332
38333
38334
38403
38404
38405
38406
38427
38428
38429
38430
38452
38454
38476
38478
38499
38500
38501
38502
38523
38524
38525
38526
38595
38596
38597
38598
38619
38620
38621
38622
38691
38692
38693
38694
38715
38716
38717
38718
38787
38788
38789
38790
38811
38812
38813
38814
38836
38838
38860
38862
38883
38884
38885
38886
38907
38908
38909
38910
38979
38980
38981
38982
39003
39004
39005
39006
39075
39076
39077
39078
39099
39100
39101
39102
39171
39172
39173
39174
39195
39196
39197
39198
39220
39222
39244
39246
39267
39268
39269
39270
39291
39292
39293
39294
39363
39364
39365
39366
39387
39388
39389
39390
39459
39460
39461
39462
39483
39484
39485
39486
39555
39556
39557
39558
39579
39580
39581
39582
39604
39606
39628
39630
39651
39652
39653
39654
39675
39676
39677
39678
39747
39748
39749
39750
39771
39772
39773
39774
39843
39844
39845
39846
39867
39868
39869
39870
39939
39940
39941
39942
39963
39964
39965
39966
39988
39990
40012
40014
40035
40036
40037
40038
40059
40060
40061
40062
40131
40132
40133
40134
40155
40156
40157
40158
40227
40228
40229
40230
40251
40252
40253
40254
40323
40324
40325
40326
40347
40348
40349
40350
40372
40374
40396
40398
40419
40420
40421
40422
40443
40444
40445
40446
40515
40516
40517
40518
40539
40540
40541
40542
40611
40612
40613
40614
40635
40636
40637
40638
40707
40708
40709
40710
40731
40732
40733
40734
40756
40758
40780
40782
40804
40806
40828
40830
40852
40854
40876
40878
40900
40902
40924
40926
40948
40950
40972
40974
40996
40998
41020
41022
41044
41046
41068
41070
41091
41092
41093
41094
41115
41116
41117
41118
41140
41142
41164
41166
41188
41190
41212
41214
41236
41238
41260
41262
41284
41286
41308
41310
41332
41334
41356
41358
41380
41382
41404
41406
41428
41430
41452
41454
41475
41476
41477
41478
41499
41500
41501
41502
41524
41526
41548
41550
41572
41574
41596
41598
41620
41622
41644
41646
41668
41670
41692
41694
41716
41718
41740
41742
41764
41766
41788
41790
41812
41814
41836
41838
41859
41860
41861
41862
41883
41884
41908
41910
41932
41956
41958
41980
42004
42006
42028
42052
42054
42076
42100
42102
42124
42148
42150
42172
42196
42198
42220
80257
80259
80261
80263
80265
80267
80269
80271
80273
80307
80309
80313
80315
80319
80321
80378
80380
80382
80384
80386
80388
80390
80392
80394
80428
80434
80440
80449
80451
80453
80455
80457
80459
80461
80463
80465
80499
80501
80505
80507
80511
80513
80572
80574
80578
80580
80584
80586
80620
80622
80626
80628
80632
80634
80641
80643
80645
80647
80649
80651
80653
80655
80657
80691
80697
80703
80762
80764
80766
80768
80770
80772
80774
80776
80778
80812
80818
80824
80835
80837
80841
80843
80847
80849
80883
80885
80889
80891
80895
80897
80956
80958
80962
80964
80968
80970
81004
81006
81010
81012
81016
81018
81025
81027
81029
81031
81033
81035
81037
81039
81041
81075
81081
81087
81146
81148
81150
81152
81154
81156
81158
81160
81162
81196
81202
81208
81217
81219
81221
81223
81225
81227
81229
81231
81233
81267
81273
81279
81338
81340
81342
81344
81346
81348
81350
81352
81354
81388
81394
81400
81411
81413
81417
81419
81423
81425
81459
81461
81465
81467
81471
81473
81532
81534
81538
81540
81544
81546
81580
81582
81586
81588
81592
81594
81601
81603
81605
81607
81609
81611
81613
81615
81617
81651
81657
81663
81722
81724
81726
81728
81730
81732
81734
81736
81738
81772
81778
81784
81793
81795
81797
81799
81801
81803
81805
81807
81809
81843
81849
81855
81914
81916
81918
81920
81922
81924
81926
81928
81930
81964
81970
81976
81987
81989
81993
81995
81999
82001
82035
82041
82047
82108
82110
82114
82116
82120
82122
82156
82162
82168
82753
82754
82755
82756
82757
82758
82875
82876
82877
82878
82996
82998
83056
83058
83116
83118
83176
83178
83288
83290
83292
83348
83350
83352
83410
83412
83470
83472
83529
83530
83531
83532
83649
83650
83651
83652
83715
83716
83717
83718
83835
83836
83837
83838
83956
83958
84016
84018
84076
84078
84136
84138
84193
84194
84195
84196
84197
84198
84315
84316
84317
84318
84434
84436
84438
84494
84496
84498
84556
84558
84616
84618
84673
84674
84675
84676
84677
84678
84795
84796
84797
84798
84914
84916
84918
84974
84976
84978
85036
85038
85096
85098
85155
85156
85157
85158
85275
85276
85277
85278
85396
85398
85456
85458
85516
85518
85576
85578
85639
85641
85643
85689
85691
85760
85762
85764
85810
85831
85833
85835
85881
85883
85954
85956
86002
86004
86023
86025
86027
86073
86144
86146
86148
86194
86211
86212
86213
86214
86217
86219
86259
86260
86261
86262
86265
86267
86308
86310
86332
86334
86338
86340
86356
86358
86380
86382
86386
86388
86403
86404
86405
86406
86407
86409
86411
86451
86452
86457
86500
86502
86524
86526
86528
86530
86532
86548
86572
86578
86599
86601
86603
86649
86720
86722
86724
86770
86787
86788
86789
86790
86793
86795
86835
86836
86841
86843
86884
86886
86908
86910
86914
86916
86932
86956
86962
86964
86979
86980
86981
86982
86983
86985
86987
87027
87028
87033
87076
87078
87100
87102
87104
87106
87108
87124
87148
87154
87175
87177
87179
87225
87296
87298
87300
87346
87369
87371
87417
87490
87492
87538
93578
93580
93582
93584
93586
93588
93590
93592
93594
93628
93630
93634
93636
93640
93642
93649
93651
93653
93655
93657
93659
93661
93663
93665
93699
93705
93711
93770
93772
93774
93776
93778
93780
93782
93784
93786
93820
93822
93826
93828
93832
93834
93843
93845
93849
93851
93855
93857
93891
93893
93897
93899
93903
93905
93962
93964
93966
93968
93970
93972
93974
93976
93978
94012
94018
94024
94033
94035
94037
94039
94041
94043
94045
94047
94049
94083
94089
94095
94156
94158
94162
94164
94168
94170
94204
94206
94210
94212
94216
94218
94227
94229
94233
94235
94239
94241
94275
94277
94281
94283
94287
94289
94346
94348
94350
94352
94354
94356
94358
94360
94362
94396
94402
94408
94417
94419
94421
94423
94425
94427
94429
94431
94433
94467
94473
94479
94538
94540
94542
94544
94546
94548
94550
94552
94554
94588
94594
94600
94609
94611
94613
94615
94617
94619
94621
94623
94625
94659
94665
94671
94732
94734
94738
94740
94744
94746
94780
94782
94786
94788
94792
94794
94803
94805
94809
94811
94815
94817
94851
94853
94857
94859
94863
94865
94922
94924
94926
94928
94930
94932
94934
94936
94938
94972
94978
94984
94993
94995
94997
94999
95001
95003
95005
95007
95009
95043
95049
95055
95114
95116
95118
95120
95122
95124
95126
95128
95130
95164
95170
95176
95185
95187
95189
95191
95193
95195
95197
95199
95201
95235
95241
95247
95308
95310
95314
95316
95320
95322
95356
95362
95368
95379
95381
95385
95387
95391
95393
95427
95433
95439
95911
95912
95913
95914
95915
95916
96033
96034
96035
96036
96152
96154
96156
96212
96214
96216
96274
96276
96334
96336
96392
96394
96396
96452
96454
96456
96514
96516
96574
96576
96631
96632
96633
96634
96635
96636
96753
96754
96755
96756
96818
96820
96822
96878
96880
96882
96940
96942
97000
97002
97057
97058
97059
97060
97061
97062
97179
97180
97181
97182
97298
97300
97302
97358
97360
97362
97420
97422
97480
97482
97537
97538
97539
97540
97541
97542
97659
97660
97661
97662
97778
97780
97782
97802
97804
97806
97808
97810
97812
97828
97830
97852
97854
97858
97860
97873
97874
97875
97876
97877
97878
97879
97881
97883
97923
97924
97929
97970
97972
97974
97994
97996
97998
98000
98002
98004
98020
98044
98050
98052
98067
98068
98069
98070
98073
98075
98115
98116
98121
98123
98164
98166
98188
98190
98192
98194
98196
98212
98236
98242
98259
98260
98261
98262
98263
98265
98267
98307
98308
98313
98386
98388
98434
98436
98457
98459
98505
98507
98576
98578
98580
98626
98647
98649
98651
98697
98740
98742
98764
98766
98768
98770
98772
98788
98812
98818
98835
98836
98837
98838
98839
98841
98843
98883
98884
98889
98932
98934
98956
98958
98962
98964
98980
99004
99010
99012
99027
99028
99029
99030
99033
99035
99075
99076
99081
99083
99152
99154
99156
99202
99223
99225
99227
99273
99316
99318
99340
99342
99344
99346
99348
99364
99388
99394
99411
99412
99413
99414
99415
99417
99419
99459
99460
99465
99538
99540
99586
99609
99611
99657
139423
139426
139436
139438
139561
139565
139580
139583
139648
139651
139659
139660
139771
139775
139788
139791
139852
139855
139863
139864
139975
139979
139992
139995
140056
140059
140067
140068
140179
140183
140196
140199
140260
140263
140271
140272
140383
140387
140400
140403
140464
140467
140475
140476
140587
140591
140604
140607
140633
140636
140651
140654
140810
140812
140822
140824
140837
140840
140855
140858
141014
141016
141026
141028
141041
141044
141059
141062
141218
141220
141230
141232
141245
141248
141263
141266
141422
141424
141434
141436
141449
141452
141467
141470
141626
141628
141638
141640
141653
141656
141671
141674
141830
141832
141842
141844
141890
141892
141902
141904
142013
142016
142031
142034
142094
142096
142106
142108
142217
142220
142235
142238
142298
142300
142310
142312
142421
142424
142439
142442
142502
142504
142514
142516
142625
142628
142643
142646
142673
142676
142691
142694
142850
142852
142862
142864
142877
142880
142895
142898
143054
143056
143066
143068
143081
143084
143099
143102
143258
143260
143270
143272
143285
143288
143301
143304
143441
143443
143451
143452
143453
143457
143460
143464
143467
143471
143474
143477
143480
143483
143486
143489
143532
143535
143537
143540
143542
143545
143547
143549
143551
143553
143555
143557
143718
143721
143723
143726
143728
143731
143733
143734
143736
143737
143739
143740
143837
143841
143844
143848
143851
143855
143858
143861
143863
143866
143868
143871
143922
143925
143927
143930
143932
143935
143937
143938
143940
143941
143943
143944
144041
144045
144048
144052
144055
144059
144062
144065
144067
144070
144072
144075
144126
144129
144131
144134
144136
144139
144141
144142
144144
144145
144147
144148
144245
144249
144252
144256
144259
144263
144266
144269
144271
144274
144276
144279
144330
144333
144335
144338
144340
144343
144345
144346
144348
144349
144351
144352
144449
144453
144456
144460
144463
144467
144470
144473
144475
144478
144480
144483
144534
144537
144539
144542
144544
144547
144549
144550
144552
144553
144555
144556
144653
144657
144660
144664
144667
144671
144674
144677
144679
144682
144684
144687
144701
144704
144707
144710
144713
144716
144719
144722
144725
144728
144731
144734
144882
144884
144886
144888
144890
144892
144894
144896
144898
144900
144902
144904
144905
144908
144911
144914
144917
144920
144923
144926
144929
144932
144935
144938
145086
145088
145090
145092
145094
145096
145098
145100
145102
145104
145106
145108
145109
145112
145115
145118
145121
145124
145127
145130
145133
145136
145139
145142
145290
145292
145294
145296
145298
145300
145302
145304
145306
145308
145310
145312
145313
145316
145319
145322
145325
145328
145331
145334
145337
145340
145343
145346
145494
145496
145498
145500
145502
145504
145506
145508
145510
145512
145514
145516
145517
145520
145523
145526
145529
145532
145535
145538
145541
145544
145547
145550
145698
145700
145702
145704
145706
145708
145710
145712
145714
145716
145718
145720
145721
145724
145727
145730
145733
145736
145739
145742
145745
145748
145751
145754
145902
145904
145906
145908
145910
145912
145914
145916
145918
145920
145922
145924
145962
145964
145966
145968
145970
145972
145974
145976
145978
145980
145982
145984
146081
146084
146087
146090
146093
146096
146099
146102
146105
146108
146111
146114
146166
146168
146170
146172
146174
146176
146178
146180
146182
146184
146186
146188
146285
146288
146291
146294
146297
146300
146303
146306
146309
146312
146315
146318
146370
146372
146374
146376
146378
146380
146382
146384
146386
146388
146390
146392
146489
146492
146495
146498
146501
146504
146507
146510
146513
146516
146519
146522
146574
146576
146578
146580
146582
146584
146586
146588
146590
146592
146594
146596
146693
146696
146699
146702
146705
146708
146711
146714
146717
146720
146723
146726
146741
146744
146747
146750
146753
146756
146759
146762
146765
146768
146771
146774
146922
146924
146926
146928
146930
146932
146934
146936
146938
146940
146942
146944
146945
146948
146951
146954
146957
146960
146963
146966
146969
146972
146975
146978
147126
147128
147130
147132
147134
147136
147138
147140
147142
147144
147146
147148
147149
147152
147155
147158
147161
147164
147167
147170
147173
147176
147179
147182
147330
147332
147334
147336
147338
147340
147342
147344
147346
147348
147350
147352
147353
147356
147359
147362
147365
147368
147371
147374
147376
147379
147381
147384
147513
147515
147517
147519
147521
147523
147525
147526
147528
147529
147531
147532
147533
147537
147540
147544
147547
147548
147549
147550
147551
147552
147553
147554
147557
147560
147563
147566
147567
147568
147569
147570
147571
147572
147575
147578
147581
147584
147585
147586
147587
147588
147589
147590
147593
147596
147599
147602
147603
147604
147605
147606
147607
147608
147611
147614
147617
147620
147621
147622
147623
147624
147625
147626
147629
147632
147635
147638
147639
147640
147641
147642
147643
147646
147650
147653
147657
147658
147659
147660
147661
147662
147663
147664
147667
147669
147672
147674
147675
147676
147677
147678
147679
147682
147686
147689
147693
147694
147695
147696
147697
147698
147699
147700
147703
147705
147708
147710
147711
147712
147713
147714
147715
147730
147731
147732
147733
147734
147735
147736
147749
147750
147751
147752
147753
147754
147756
147759
147761
147764
147765
147766
147767
147768
147769
147771
147772
147774
147775
147776
147777
147778
147779
147780
147781
147782
147783
147784
147785
147800
147801
147802
147803
147804
147805
147822
147823
147828
147829
147838
147839
147840
147841
147850
147851
147852
147853
147854
147855
147856
147857
147858
147859
147860
147875
147876
147877
147878
147879
147880
147899
147900
147901
147904
147915
147916
147917
147918
147919
147926
147927
147928
147943
147944
147945
147946
147947
147948
147949
147962
147963
147964
147965
147966
147967
147974
147975
147976
147979
147980
147981
147982
147983
147992
147993
147994
148001
148002
148003
148004
148013
148014
148015
148030
148031
148032
148033
148042
148043
148044
148045
148056
148057
148058
148059
148060
148069
148070
148071
148072
148073
148074
148075
148076
148077
148088
148089
148090
148097
148098
148099
148100
148101
148112
148113
148114
148121
148122
148123
148124
148133
148134
148135
148136
148145
148146
148147
148148
148157
148158
148159
148160
148177
148178
148179
148180
148189
148190
148191
148192
148203
148204
148205
148206
148207
148216
148217
148218
148219
148220
148221
148222
148223
148224
148235
148236
148237
148244
148245
148246
148247
148248
148259
148260
148261
148268
148269
148270
148271
148280
148281
148282
148283
148292
148293
148294
148295
148304
148305
148306
148307
148324
148325
148326
148327
148336
148337
148338
148339
148350
148351
148352
148353
148354
148363
148364
148365
148366
148367
148368
148369
148370
148371
148382
148383
148384
148391
148392
148393
148394
148395
148406
148407
148408
148415
148416
148417
148418
148427
148428
148429
148430
148439
148440
148441
148442
148451
148452
148453
148454
148471
148472
148473
148474
148483
148484
148485
148486
148497
148498
148499
148500
148501
148510
148511
148512
148513
148514
148517
148519
148522
148524
148525
148526
148527
148528
148529
148531
148533
148535
148537
148538
148539
148540
148551
148552
148553
148554
148555
148562
148563
148564
148575
148576
148577
148578
148579
148586
148587
148588
148597
148598
148599
148600
148609
148610
148611
148612
148621
148622
148623
148624
148633
148634
148635
148636
148645
148646
148647
148648
148657
148658
148659
148660
148662
148665
148667
148670
148671
148672
148673
148674
148675
148677
148679
148681
148683
148684
148685
148686
148687
148689
148692
148694
148697
148698
148699
148700
148701
148702
148704
148705
148707
148708
148709
148710
148711
148713
148716
148718
148721
148722
148723
148724
148725
148726
148728
148729
148731
148732
148733
148734
148735
148736
148738
148740
148742
148744
148745
148746
148747
148748
148750
148752
148754
148756
148757
148758
148759
148760
148762
148764
148766
148768
148769
148770
148771
148772
148774
148775
148777
148778
148779
148780
148793
148794
148795
148796
148797
148798
148811
148812
148813
148814
148815
148816
148818
148820
148822
148824
148825
148826
148827
148828
148830
148832
148834
148836
148837
148838
148839
148840
148853
148854
148855
148856
148857
148858
148871
148872
148873
148874
148875
148876
148885
148886
148887
148888
148897
148898
148899
148900
148909
148910
148911
148912
148921
148922
148923
148924
148929
148930
148935
148936
148947
148948
148949
148950
148951
148958
148959
148960
148962
148965
148967
148970
148971
148972
148973
148974
148975
148977
148978
148980
148981
148982
148983
148984
148997
148998
148999
149000
149001
149002
149015
149016
149017
149018
149019
149020
149029
149030
149031
149032
149041
149042
149043
149044
149053
149054
149055
149056
149065
149066
149067
149068
149077
149078
149079
149080
149089
149090
149091
149092
149101
149102
149103
149104
149113
149114
149115
149116
149118
149120
149122
149124
149125
149126
149127
149128
149130
149132
149134
149136
149137
149138
149139
149140
149151
149152
149153
149154
149155
149162
149163
149164
149166
149169
149171
149174
149175
149176
149177
149178
149179
149181
149182
149184
149185
149186
149187
149188
149201
149202
149203
149204
149205
149206
149219
149220
149221
149222
149223
149224
149233
149234
149235
149236
149245
149246
149247
149248
149257
149258
149259
149260
149269
149270
149271
149272
149281
149282
149283
149284
149293
149294
149295
149296
149305
149306
149307
149308
149317
149318
149319
149320
149322
149324
149326
149328
149329
149330
149331
149332
149334
149336
149338
149340
149341
149342
149343
149344
149355
149356
149357
149358
149359
149366
149367
149368
149370
149373
149375
149378
149379
149380
149381
149382
149383
149385
149386
149388
149389
149390
149391
149392
149405
149406
149407
149408
149409
149410
149423
149424
149425
149426
149427
149428
149437
149438
149439
149440
149449
149450
149451
149452
149465
149466
149467
149468
149469
149470
149483
149484
149485
149486
149487
149488
149497
149498
149499
149500
149509
149510
149511
149512
149525
149526
149527
149528
149529
149530
149543
149544
149545
149546
149547
149548
149557
149558
149559
149560
149569
149570
149571
149572
149585
149586
149587
149588
149589
149590
149603
149604
149605
149606
149607
149608
149613
149614
149619
149620
149633
149634
149635
149636
149637
149638
149651
149652
149653
149654
149655
149656
149661
149662
149667
149668
149681
149682
149683
149684
149685
149686
149699
149700
149701
149702
149703
149704
149709
149710
149715
149716
149717
149720
149723
149726
149729
149730
149731
149732
149733
149734
149735
149738
149741
149744
149747
149748
149749
149750
149751
149752
149757
149758
149763
149764
149765
149768
149771
149774
149777
149778
149779
149780
149781
149782
149783
149786
149789
149792
149795
149796
149797
149798
149799
149800
149805
149806
149811
149812
149813
149816
149819
149822
149825
149826
149827
149828
149829
149830
149831
149834
149837
149840
149843
149844
149845
149846
149847
149848
149853
149854
149859
149860
149861
149865
149868
149872
149875
149876
149877
149878
149879
149880
149881
149882
149885
149888
149891
149894
149895
149896
149897
149898
149899
149906
149907
149908
149913
149914
149915
149918
149921
149924
149927
149928
149929
149930
149931
149932
149933
149936
149939
149942
149945
149946
149947
149948
149949
149950
149955
149956
149961
149962
149963
149966
149969
149972
149975
149976
149977
149978
149979
149980
149981
149984
149986
149989
149991
149992
149993
149994
149995
150000
150001
150004
150019
150020
150021
150022
150023
150024
150025
150038
150039
150040
150041
150042
150043
150054
150055
150056
150057
150058
150067
150068
150069
150070
150081
150082
150083
150084
150085
150094
150095
150096
150097
150108
150109
150110
150111
150112
150121
150122
150123
150124
150137
150138
150139
150140
150141
150142
150155
150156
150157
150158
150159
150160
150169
150170
150171
150172
150181
150182
150183
150184
150193
150194
150195
150196
150205
150206
150207
150208
150217
150218
150219
150220
150229
150230
150231
150232
150245
150246
150247
150248
150249
150250
150263
150264
150265
150266
150267
150268
150277
150278
150279
150280
150289
150290
150291
150292
150301
150302
150303
150304
150313
150314
150315
150316
150325
150326
150327
150328
150337
150338
150339
150340
150353
150354
150355
150356
150357
150358
150369
150370
150371
150372
150373
150382
150383
150384
150385
150392
150393
150394
150407
150408
150409
150410
150411
150412
150423
150424
150425
150426
150427
150432
150433
150436
150437
150440
150443
150446
150449
150450
150451
150452
150453
150454
150455
150458
150461
150464
150467
150468
150469
150470
150471
150472
150477
150478
150483
150484
150485
150488
150491
150494
150497
150498
150499
150500
150501
150502
150503
150506
150509
150512
150515
150516
150517
150518
150519
150520
150525
150526
150531
150532
150533
150536
150539
150542
150545
150546
150547
150548
150549
150550
150551
150554
150557
150560
150563
150564
150565
150566
150567
150568
150573
150574
150579
150580
150581
150584
150587
150590
150593
150594
150595
150596
150597
150598
150599
150602
150605
150608
150611
150612
150613
150614
150615
150616
150621
150622
150627
150628
150629
150633
150636
150640
150643
150644
150645
150646
150647
150648
150649
150650
150653
150656
150659
150662
150663
150664
150665
150666
150667
150674
150675
150676
150681
150682
150683
150686
150689
150692
150695
150696
150697
150698
150699
150700
150701
150704
150707
150710
150713
150714
150715
150716
150717
150718
150723
150724
150729
150730
150731
150734
150737
150740
150743
150744
150745
150746
150747
150748
150749
150752
150755
150758
150761
150762
150763
150764
150765
150766
150771
150772
150777
150778
150779
150782
150785
150788
150791
150792
150793
150794
150795
150796
150797
150800
150802
150805
150807
150808
150809
150810
150811
150816
150817
150820
150833
150834
150835
150836
150837
150838
150851
150852
150853
150854
150855
150856
150865
150866
150867
150868
150877
150878
150879
150880
150893
150894
150895
150896
150897
150898
150911
150912
150913
150914
150915
150916
150921
150922
150927
150928
150941
150942
150943
150944
150945
150946
150959
150960
150961
150962
150963
150964
150973
150974
150975
150976
150985
150986
150987
150988
151001
151002
151003
151004
151005
151006
151019
151020
151021
151022
151023
151024
151029
151030
151035
151036
151049
151050
151051
151052
151053
151054
151067
151068
151069
151070
151071
151072
151081
151082
151083
151084
151093
151094
151095
151096
151109
151110
151111
151112
151113
151114
151127
151128
151129
151130
151131
151132
151137
151138
151143
151144
151157
151158
151159
151160
151161
151162
151173
151174
151175
151176
151177
151186
151187
151188
151189
151196
151197
151198
151207
151208
151209
151210
151217
151218
151219
151228
151229
151230
151231
151238
151239
151240
151249
151250
151251
151252
151261
151262
151263
151264
151266
151268
151270
151272
151273
151274
151275
151276
151278
151280
151282
151284
151285
151286
151287
151288
151297
151298
151299
151300
151309
151310
151311
151312
151314
151316
151318
151320
151321
151322
151323
151324
151326
151328
151330
151332
151333
151334
151335
151336
151345
151346
151347
151348
151357
151358
151359
151360
151362
151364
151366
151368
151369
151370
151371
151372
151374
151376
151378
151380
151381
151382
151383
151384
151393
151394
151395
151396
151403
151404
151405
151407
151409
151411
151413
151414
151415
151416
151417
151419
151420
151422
151423
151424
151425
151426
151435
151436
151437
151438
151447
151448
151449
151450
151452
151454
151456
151458
151459
151460
151461
151462
151464
151466
151468
151470
151471
151472
151473
151474
151483
151484
151485
151486
151495
151496
151497
151498
151500
151502
151504
151506
151507
151508
151509
151510
151512
151514
151516
151518
151519
151520
151521
151522
151531
151532
151533
151534
151543
151544
151545
151546
151548
151550
151552
151554
151555
151556
151557
151558
151560
151562
151564
151566
151567
151568
151569
151570
151579
151580
151581
151582
151589
151590
151591
151593
151595
151597
151599
151600
151601
151602
151603
151605
151606
151608
151609
151610
151611
151612
154333
154334
154335
154336
154337
154338
154339
154340
154341
154342
154343
154344
154345
154346
154347
154348
154349
154350
154351
154352
154353
154354
154355
154356
154357
154358
154359
154360
154361
154362
154363
154364
154365
154366
154367
154368
154369
154370
154371
154372
154373
154374
154375
154376
154377
154378
154379
154380
154381
154382
154383
154384
154385
154386
154387
154388
154389
154390
154391
154392
154393
154394
154395
154396
154397
154398
154399
154400
154401
154402
154403
154404
154405
154406
154407
154408
154409
154410
154411
154412
154413
154414
154415
154416
154417
154418
154419
154420
154421
154422
154423
154424
154425
154426
154427
154428
154429
154430
154431
154432
154433
154434
154435
154436
154437
154438
154439
154440
154441
154442
154443
154444
154445
154446
154447
154448
154449
154450
154451
154452
154453
154454
154455
154456
154457
154458
154459
154460
154461
154462
154463
154464
154465
154466
154467
154468
154469
154470
154471
154472
154473
154474
154475
154476
154477
154478
154479
154480
154481
154482
154483
154484
154485
154486
154487
154488
154489
154490
154491
154492
154493
154494
154495
154496
154497
154498
154499
154500
154501
154502
154503
154504
154505
154506
154507
154508
154509
154510
154511
154512
154513
154514
154515
154516
154517
154518
154519
154520
154521
154522
154523
154524
154525
154526
154527
154528
154529
154530
154531
154532
154533
154534
154535
154536
154537
154538
154539
154540
154541
154542
154543
154544
154545
154546
154547
154548
154549
154550
154551
154552
154553
154554
154555
154556
154557
154558
154559
154560
154561
154562
154563
154564
154565
154566
154567
154568
154569
154570
154571
154572
154573
154574
154575
154576
154577
154578
154579
154580
154581
154582
154583
154584
154585
154586
154587
154588
154589
154590
154591
154592
154593
154594
154595
154596
154597
154598
154599
154600
154601
154602
154603
154604
154605
154606
154607
154608
154609
154610
154611
154612
154613
154614
154615
154616
154617
154618
154619
154620
154621
154622
154623
154624
154625
154626
154627
154628
154629
154630
154631
154632
154633
154634
154635
154636
154637
154638
154639
154640
154641
154642
154643
154644
154645
154646
154647
154648
154649
154650
154651
154652
154653
154654
154655
154656
154657
154658
154659
154660
154661
154662
154663
154664
154665
154666
154667
154668
154669
154670
154671
154672
154673
154674
154675
154676
154677
154678
154679
154680
154681
154682
154683
154684
154685
154686
154687
154688
154689
154690
154691
154692
154693
154694
154695
154696
154697
154698
154699
154700
154701
154702
154703
154704
154705
154706
154707
154708
154709
154710
154711
154712
154713
154714
154715
154716
154717
154718
154719
154720
154721
154722
154723
154724
154725
154726
154727
154728
154729
154730
154731
154732
154733
154734
154735
154736
154737
154738
154739
154740
154741
154742
154743
154744
154745
154746
154747
154748
154749
154750
154751
154752
154753
154754
154755
154756
154757
154758
154759
154760
154761
154762
154763
154764
154765
154766
154767
154768
154769
154770
154771
154772
154773
154774
154775
154776
154777
154778
154779
154780
154781
154782
154783
154784
154785
154786
154787
154788
154789
154790
154791
154792
154793
154794
154795
154796
154797
154798
154799
154800
154801
154802
154803
154804
154805
154806
154807
154808
154809
154810
154811
154812
154813
154814
154815
154816
154817
154818
154819
154820
154821
154822
154823
154824
154825
154826
154827
154828
154829
154830
154831
154832
154833
154834
154835
154836
154837
154838
154839
154840
154841
154842
154843
154844
154845
154846
154847
154848
154849
154850
154851
154852
154853
154854
154855
154856
154857
154858
154859
154860
154861
154862
154863
154864
154865
154866
154867
154868
154869
154870
154871
154872
154873
154874
154875
154876
154877
154878
154879
154880
154881
154882
154883
154884
154885
154886
154887
154888
154889
154890
154891
154892
154893
154894
154895
154896
154897
154898
154899
154900
154901
154902
154903
154904
154905
154906
154907
154908
154909
154910
154911
154912
154913
154914
154915
154916
154917
154918
154919
154920
154921
154922
154923
154924
154925
154926
154927
154928
154929
154930
154931
154932
154933
154934
154935
154936
154937
154938
154939
154940
154941
154942
154943
154944
154945
154946
154947
154948
154949
154950
154951
154952
154953
154954
154955
154956
154957
154958
154959
154960
154961
154962
154963
154964
154965
154966
154967
154968
154969
154970
154971
154972
154973
154974
154975
154976
154977
154978
154979
154980
154981
154982
154983
154984
154985
154986
154987
154988
154989
154990
154991
154992
154993
154994
154995
154996
154997
154998
154999
155000
155001
155002
155003
155004
155005
155006
155007
155008
155009
155010
155011
155012
155013
155014
155015
155016
155017
155018
155019
155020
155021
155022
155023
155024
155025
155026
155027
155028
155029
155030
155031
155032
155033
155034
155035
155036
155037
155038
155039
155040
155041
155042
155043
155044
155045
155046
155047
155048
155049
155050
155051
155052
155053
155054
155055
155056
155057
155058
155059
155060
155061
155062
155063
155064
155065
155066
155067
155068
155069
155070
155071
155072
155073
155074
155075
155076
155077
155078
155079
155080
155081
155082
155083
155084
155085
155086
155087
155088
155089
155090
155091
155092
155093
155094
155095
155096
155097
155098
155099
155100
155101
155102
155103
155104
155105
155106
155107
155108
155109
155110
155111
155112
155113
155114
155115
155116
155117
155118
155119
155120
155121
155122
155123
155124
155125
155126
155127
155128
155129
155130
155131
155132
155133
155134
155135
155136
155137
155138
155139
155140
155141
155142
155143
155144
155145
155146
155147
155148
155149
155150
155151
155152
155153
155154
155155
155156
155157
155158
155159
155160
155161
155162
155163
155164
155165
155166
155167
155168
155169
155170
155171
155172
155173
155174
155175
155176
155177
155178
155179
155180
155181
155182
155183
155184
155185
155186
155187
155188
155189
155190
155191
155192
155193
155194
155195
155196
155197
155198
155199
155200
155201
155202
155203
155204
155205
155206
155207
155208
155209
155210
155211
155212
155213
155214
155215
155216
155217
155218
155219
155220
155221
155222
155223
155224
155225
155226
155227
155228
155229
155230
155231
155232
155233
155234
155235
155236
155237
155238
155239
155240
155241
155242
155243
155244
155245
155246
155247
155248
155249
155250
155251
155252
155253
155254
155255
155256
155257
155258
155259
155260
155261
155262
155263
155264
155265
155266
155267
155268
155269
155270
155271
155272
155273
155274
155275
155276
155277
155278
155279
155280
155281
155282
155283
155284
155285
155286
155287
155288
155289
155290
155291
155292
155293
155294
155295
155296
155297
155298
155299
155300
155301
155302
155303
155304
155305
155306
155307
155308
155309
155310
155311
155312
155313
155314
155315
155316
155317
155318
155319
155320
155321
155322
155323
155324
155325
155326
155327
155328
155329
155330
155331
155332
155333
155334
155335
155336
155337
155338
155339
155340
155341
155342
155343
155344
155345
155346
155347
155348
155349
155350
155351
155352
155353
155354
155355
155356
155357
155358
155359
155360
155361
155362
155363
155364
155365
155366
155367
155368
155369
155370
155371
155372
155373
155374
155375
155376
155377
155378
155379
155380
155381
155382
155383
155384
155385
155386
155387
155388
155389
155390
155391
155392
155393
155394
155395
155396
155397
155398
155399
155400
155401
155402
155403
155404
155405
155406
155407
155408
155409
155410
155411
155412
155413
155414
155415
155416
155417
155418
155419
155420
155421
155422
155423
155424
155425
155426
155427
155428
155429
155430
155431
155432
155433
155434
155435
155436
155437
155438
155439
155440
155441
155442
155443
155444
155445
155446
155447
155448
155449
155450
155451
155452
155453
155454
155455
155456
155457
155458
155459
155460
155461
155462
155463
155464
155465
155466
155467
155468
155469
155470
155471
155472
155473
155474
155475
155476
155477
155478
155479
155480
155481
155482
155483
155484
155485
155486
155487
155488
155489
155490
155491
155492
155493
155494
155495
155496
155497
155498
155499
155500
155501
155502
155503
155504
155505
155506
155507
155508
155509
155510
155511
155512
155513
155514
155515
155516
155517
155518
155519
155520
155521
155522
155523
155524
155525
155526
155527
155528
155529
155530
155531
155532
155533
155534
155535
155536
155537
155538
155539
155540
155541
155542
155543
155544
155545
155546
155547
155548
155549
155550
155551
155552
155553
155554
155555
155556
155557
155558
155559
155560
155561
155562
155563
155564
155565
155566
155567
155568
155569
155570
155571
155572
155573
155574
155575
155576
155577
155578
155579
155580
155581
155582
155583
155584
155585
155586
155587
155588
155589
155590
155591
155592
155593
155594
155595
155596
155597
155598
155599
155600
155601
155602
155603
155604
155605
155606
155607
155608
155609
155610
155611
155612
155613
155614
155615
155616
155617
155618
155619
155620
155621
155622
155623
155624
155625
155626
155627
155628
155629
155630
155631
155632
155633
155634
155635
155636
155637
155638
155639
155640
155641
155642
155643
155644
155645
155646
155647
155648
155649
155650
155651
155652
155653
155654
155655
155656
155657
155658
155659
155660
155661
155662
155663
155664
155665
155666
155667
155668
155669
155670
155671
155672
155673
155674
155675
155676
155677
155678
155679
155680
155681
155682
155683
155684
155685
155686
155687
155688
155689
155690
155691
155692
157853
157854
157857
157859
157860
157863
157865
157866
157869
157871
157873
157875
157877
157879
157881
157913
157914
157915
157916
157917
157918
157919
157920
157921
157922
157923
157924
157925
157926
157927
158012
158013
158014
158015
158016
158017
158018
158019
158020
158021
158022
158023
158072
158073
158076
158078
158079
158082
158084
158085
158088
158090
158092
158094
158120
158121
158122
158123
158124
158125
158126
158127
158128
158129
158130
158131
158180
158181
158184
158186
158187
158190
158192
158193
158196
158198
158200
158202
158228
158229
158230
158231
158232
158233
158234
158235
158236
158237
158238
158239
158288
158289
158292
158294
158295
158298
158300
158301
158304
158306
158308
158310
158336
158337
158338
158339
158340
158341
158342
158343
158344
158345
158346
158347
158396
158397
158400
158402
158403
158406
158408
158409
158412
158414
158416
158418
158444
158445
158446
158447
158448
158449
158450
158451
158452
158453
158454
158455
158504
158505
158508
158510
158511
158514
158516
158517
158520
158522
158524
158526
158528
158530
158532
158534
158536
158538
158540
158542
158544
158546
158548
158550
158624
158625
158626
158627
158628
158629
158630
158631
158632
158633
158634
158635
158636
158638
158640
158642
158644
158646
158648
158650
158652
158654
158656
158658
158732
158733
158734
158735
158736
158737
158738
158739
158740
158741
158742
158743
158744
158746
158748
158750
158752
158754
158756
158758
158760
158762
158764
158766
158840
158841
158842
158843
158844
158845
158846
158847
158848
158849
158850
158851
158852
158854
158856
158858
158860
158862
158864
158866
158868
158870
158872
158874
158948
158949
158950
158951
158952
158953
158954
158955
158956
158957
158958
158959
158960
158962
158964
158966
158968
158970
158972
158974
158976
158978
158980
158982
159056
159057
159058
159059
159060
159061
159062
159063
159064
159065
159066
159067
159068
159070
159072
159074
159076
159078
159080
159082
159084
159086
159088
159090
159164
159165
159166
159167
159168
159169
159170
159171
159172
159173
159174
159175
159200
159201
159202
159203
159204
159205
159206
159207
159208
159209
159210
159211
159260
159262
159264
159266
159268
159270
159272
159274
159276
159278
159280
159282
159308
159309
159310
159311
159312
159313
159314
159315
159316
159317
159318
159319
159368
159370
159372
159374
159376
159378
159380
159382
159384
159386
159388
159390
159416
159417
159418
159419
159420
159421
159422
159423
159424
159425
159426
159427
159476
159478
159480
159482
159484
159486
159488
159490
159492
159494
159496
159498
159524
159525
159526
159527
159528
159529
159530
159531
159532
159533
159534
159535
159584
159586
159588
159590
159592
159594
159596
159598
159600
159602
159604
159606
159608
159610
159612
159614
159616
159618
159620
159622
159624
159626
159628
159630
159704
159705
159706
159707
159708
159709
159710
159711
159712
159713
159714
159715
159716
159718
159720
159722
159724
159726
159728
159730
159732
159734
159736
159738
159812
159813
159814
159815
159816
159817
159818
159819
159820
159821
159822
159823
159824
159826
159828
159830
159832
159834
159836
159838
159840
159842
159844
159846
159920
159921
159922
159923
159924
159925
159926
159927
159928
159929
159930
159931
159932
159934
159936
159938
159940
159942
159944
159946
159948
160004
160005
160006
160007
160008
160009
160010
160011
160012
160013
160014
160017
160019
160020
160023
160025
160026
160029
160031
160033
160035
160037
160039
160041
160043
160045
160047
160049
160051
160053
160055
160057
160059
160061
160063
160065
160067
160069
160071
160073
160075
160077
160079
160081
160083
160085
160087
160089
160093
160094
160096
160099
160100
160102
160105
160106
160108
160110
160112
160114
160117
160118
160120
160123
160124
160126
160129
160130
160132
160134
160136
160138
160166
160167
160168
160169
160170
160171
160172
160173
160174
160175
160176
160177
160553
160554
160555
160556
160557
160558
160559
160560
160561
160562
160563
160564
160565
160566
160567
160628
160629
160630
160631
160632
160633
160634
160635
160636
160637
160638
160639
160640
160641
160642
160643
160644
160645
160646
160647
160648
160649
160650
160651
160652
160653
160654
160655
160656
160657
160658
160659
160660
160661
160662
160663
160664
160665
160666
160667
160668
160669
160670
160671
160672
160673
160674
160675
160676
160677
160678
160679
160680
160681
160682
160683
160684
160685
160686
160687
160712
160713
160714
160715
160716
160717
160718
160719
160720
160721
160722
160723
160784
160785
160786
160787
160788
160789
160790
160791
160792
160793
160794
160795
160868
160869
160870
160871
160872
160873
160874
160875
160876
160877
160878
160879
160892
160893
160894
160895
160896
160897
160898
160899
160900
160901
160902
160903
160976
160977
160978
160979
160980
160981
160982
160983
160984
160985
160986
160987
161000
161001
161002
161003
161004
161005
161006
161007
161008
161009
161010
161011
161192
161194
161196
161198
161200
161202
161204
161206
161208
161210
161212
161214
161216
161218
161220
161222
161224
161226
161228
161230
161232
161234
161236
161238
161240
161242
161244
161246
161248
161250
161252
161254
161256
161258
161260
161262
161264
161265
161268
161270
161271
161274
161276
161277
161280
161282
161284
161286
161288
161290
161292
161294
161296
161298
161300
161302
161304
161306
161308
161310
161312
161314
161316
161318
161320
161322
161324
161326
161328
161330
161332
161334
161576
161578
161580
161582
161584
161586
161588
161590
161592
161594
161596
161598
161600
161602
161604
161606
161608
161610
161612
161614
161616
161618
161620
161622
161624
161626
161628
161630
161632
161634
161636
161638
161640
161642
161644
161646
161648
161650
161652
161654
161656
161658
161660
161662
161664
161666
161668
161670
161672
161673
161676
161678
161679
161682
161684
161685
161688
161690
161692
161694
161696
161698
161700
161702
161704
161706
161708
161710
161712
161714
161716
161718
161720
161722
161724
161726
161728
161730
161732
161734
161736
161738
161740
161742
161744
161746
161748
161750
161752
161754
161756
161758
161760
161762
161764
161766
162005
162006
162007
162008
162009
162010
162011
162012
162013
162014
162015
162016
162029
162030
162031
162032
162033
162034
162035
162036
162037
162038
162039
162040
162053
162054
162055
162056
162057
162058
162059
162060
162061
162062
162063
162064
162074
162075
162076
162077
162078
162079
162080
162081
162082
162095
162096
162097
162098
162099
162100
162101
162102
162103
162104
162105
162106
162119
162120
162121
162122
162123
162124
162125
162126
162127
162128
162129
162130
162143
162144
162145
162146
162147
162148
162149
162150
162151
162152
162153
162154
162164
162165
162166
162167
162168
162169
162170
162171
162172
186237
186238
186239
186240
186249
186250
186251
186257
186258
186259
186265
186266
186270
186271
186274
186285
186286
186287
186293
186294
186295
186301
186302
186306
186307
186311
186313
186345
186346
186347
186348
186353
186354
186355
186358
186359
186360
186363
186364
186366
186367
186368
186381
186382
186383
186386
186387
186388
186389
186391
186392
186393
186394
186395
186396
186405
186406
186407
186413
186414
186415
186421
186422
186426
186427
186430
186441
186442
186443
186449
186450
186451
186457
186458
186462
186463
186467
186469
186495
186496
186497
186500
186501
186502
186505
186506
186508
186509
186511
186512
186531
186532
186533
186536
186537
186538
186541
186542
186544
186545
186547
186548
186549
186550
186551
186552
186561
186562
186563
186569
186570
186571
186577
186578
186582
186583
186586
186597
186598
186599
186605
186606
186609
186610
186614
186616
186645
186646
186647
186648
186653
186654
186655
186658
186659
186660
186663
186664
186666
186667
186668
186681
186682
186683
186686
186687
186688
186689
186691
186692
186693
186694
186695
186701
186702
186703
186709
186710
186714
186715
186719
186721
186729
186730
186731
186737
186738
186739
186745
186746
186750
186751
186755
186757
186783
186784
186785
186788
186789
186790
186793
186794
186796
186797
186799
186800
186819
186820
186821
186824
186825
186826
186829
186830
186832
186833
186835
186836
186837
186838
186839
186840
186849
186850
186851
186857
186858
186859
186865
186866
186870
186871
186874
186885
186886
186887
186893
186894
186897
186898
186902
186904
186933
186934
186935
186936
186941
186942
186943
186946
186947
186948
186951
186952
186954
186955
186956
186969
186970
186971
186974
186975
186976
186977
186979
186980
186981
186982
186983
186984
186993
186994
186995
187001
187002
187003
187009
187010
187014
187015
187018
187029
187030
187031
187037
187038
187041
187042
187046
187048
187077
187078
187079
187080
187085
187086
187087
187090
187091
187092
187095
187096
187098
187099
187100
187113
187114
187115
187118
187119
187120
187121
187123
187124
187125
187126
187127
187133
187134
187135
187141
187142
187146
187147
187151
187153
187161
187162
187163
187169
187170
187171
187177
187178
187182
187183
187187
187189
187215
187216
187217
187220
187221
187222
187225
187226
187228
187229
187231
187232
187251
187252
187253
187256
187257
187258
187261
187262
187264
187265
187267
187268
187269
187270
187271
187272
187281
187282
187283
187289
187290
187291
187297
187298
187302
187303
187306
187317
187318
187319
187325
187326
187329
187330
187334
187336
187365
187366
187367
187368
187373
187374
187375
187378
187379
187380
187383
187384
187386
187387
187388
187401
187402
187403
187406
187407
187408
187409
187411
187412
187413
187414
187415
187416
187425
187426
187427
187433
187434
187435
187441
187442
187446
187447
187450
187461
187462
187463
187469
187470
187473
187474
187478
187480
187509
187510
187511
187512
187517
187518
187519
187522
187523
187524
187527
187528
187530
187531
187532
187545
187546
187547
187550
187551
187552
187553
187555
187556
187557
187558
187559
187565
187566
187567
187573
187574
187578
187579
187583
187585
187593
187594
187595
187601
187602
187605
187606
187610
187612
187635
187636
187637
187640
187641
187642
187645
187646
187648
187649
187651
187652
187665
187666
187667
187670
187671
187672
187673
187675
187676
188193
188200
188202
188204
188205
188210
188212
188259
188261
188263
188273
188278
188280
188281
188286
188288
188324
188326
188335
188337
188340
188342
188365
188367
188370
188372
188395
188397
188400
188402
188425
188427
188430
188432
188486
188488
188489
188490
188492
188526
188528
188529
188530
188532
188557
188559
188560
188562
188587
188589
188590
188592
188634
188635
188637
188639
188640
188642
188651
188652
188694
188695
188697
188699
188700
188702
188711
188712
188713
188718
188720
188721
188726
188728
188764
188766
188773
188778
188780
188781
188786
188788
188824
188826
188835
188837
188840
188842
188865
188867
188870
188872
188895
188897
188900
188902
188925
188927
188930
188932
188953
188960
188962
188964
188965
188970
188972
189019
189021
189023
189033
189038
189040
189041
189046
189048
189084
189086
189096
189098
189100
189103
189105
189136
189138
189140
189143
189145
189175
189177
189180
189182
189205
189207
189210
189212
189233
189240
189242
189244
189245
189250
189252
189299
189301
189303
189313
189318
189320
189321
189326
189328
189364
189366
189376
189378
189380
189383
189385
189416
189418
189420
189423
189425
189455
189457
189460
189462
189485
189487
189490
189492
189513
189518
189520
189521
189526
189528
189564
189566
189573
189578
189580
189581
189586
189588
189624
189626
189635
189637
189640
189642
189665
189667
189670
189672
189695
189697
189700
189702
189725
189727
189730
189732
189753
189754
189755
189761
189762
189766
189767
189770
189775
189776
189780
189781
189785
189787
189802
189803
189804
189807
189808
189810
189811
189812
189818
189819
189821
189822
189823
189824
189825
189831
189832
189836
189837
189840
189845
189846
189850
189851
189855
189857
189869
189870
189872
189873
189875
189876
189885
189886
189888
189889
189891
189892
189893
189894
189895
189901
189902
189906
189907
189910
189915
189916
189920
189922
189936
189937
189938
189941
189942
189944
189945
189946
189952
189953
189955
189956
189957
189958
189959
189962
189964
189965
189966
189967
189970
189972
189973
189975
189978
189980
189981
189982
189983
189986
189988
189989
189990
189991
189994
189996
189997
189999
190002
190004
190007
190009
190012
190014
190017
190018
190019
190021
190022
190023
190024
190026
190027
190028
190031
190033
190036
190038
190041
190042
190043
190045
190046
190047
190048
190050
190051
190052
190053
190054
190055
190056
190060
190063
190064
190065
190066
190069
190071
190072
190073
190076
190080
190082
190083
190084
190085
190088
190090
190091
190092
190094
190095
190098
190102
190105
190108
190110
190114
190115
190116
190117
190120
190121
190122
190123
190125
190126
190127
190128
190131
190133
190135
190137
190138
190139
190141
190142
190143
190144
190145
190146
190147
190153
190154
190158
190159
190162
190167
190168
190172
190174
190188
190189
190190
190193
190194
190196
190197
190198
190204
190205
190207
190208
190209
190210
190211
190214
190216
190217
190218
190219
190222
190224
190225
190227
190230
190232
190233
190234
190235
190238
190240
190241
190242
190243
190246
190248
190250
190253
190257
190259
190262
190264
190267
190268
190269
190271
190272
190273
190274
190276
190277
190278
190281
190283
190286
190290
190291
190292
190294
190295
190296
190297
190299
190300
190301
190302
190303
190304
190308
190311
190312
190313
190314
190317
190319
190320
190321
190324
190328
190331
190332
190333
190336
190338
190339
190340
190342
190343
190346
190350
190353
190356
190362
190363
190364
190365
190368
190369
190370
190371
190373
190374
190375
190376
190379
190381
190383
190385
190386
190387
190389
190390
190391
190392
190393
190394
190395
190401
190402
190406
190407
190410
190415
190416
190420
190422
190436
190437
190438
190441
190442
190444
190445
190446
190452
190453
190455
190456
190457
190458
190462
190463
190467
190469
190473
190474
190478
190480
190491
190492
190494
190495
190497
190498
190504
190505
190507
190508
193879
193880
193881
193882
193887
193888
193889
193892
193893
193894
193897
193898
193900
193901
193902
193921
193922
193923
193926
193927
193928
193931
193932
193934
193935
193937
193938
193939
193940
193941
193942
193951
193952
193953
193959
193960
193961
193967
193968
193972
193973
193976
193987
193988
193989
193995
193996
193999
194000
194004
194006
194035
194036
194037
194038
194043
194044
194045
194048
194049
194050
194053
194054
194056
194057
194058
194077
194078
194079
194082
194083
194084
194087
194088
194090
194091
194093
194094
194095
194096
194097
194103
194104
194105
194111
194112
194116
194117
194121
194123
194131
194132
194133
194139
194140
194141
194147
194148
194152
194153
194157
194159
194191
194192
194193
194194
194199
194200
194201
194204
194205
194206
194209
194210
194212
194213
194214
194227
194228
194229
194232
194233
194234
194235
194237
194238
194239
194240
194241
194242
194251
194252
194253
194259
194260
194261
194267
194268
194272
194273
194276
194287
194288
194289
194295
194296
194299
194300
194304
194306
194329
194330
194331
194334
194335
194336
194339
194340
194342
194343
194345
194346
194365
194366
194367
194370
194371
194372
194375
194376
194378
194379
194381
194382
194383
194384
194385
194391
194392
194393
194399
194400
194404
194405
194409
194411
194419
194420
194421
194427
194428
194429
194435
194436
194440
194441
194445
194447
194479
194480
194481
194482
194487
194488
194489
194492
194493
194494
194497
194498
194500
194501
194502
194515
194516
194517
194520
194521
194522
194523
194525
194526
194527
194528
194529
194530
194539
194540
194541
194547
194548
194549
194555
194556
194560
194561
194564
194575
194576
194577
194583
194584
194587
194588
194592
194594
194623
194624
194625
194626
194631
194632
194633
194636
194637
194638
194641
194642
194644
194645
194646
194659
194660
194661
194664
194665
194666
194667
194669
194670
194671
194672
194673
194674
194683
194684
194685
194691
194692
194693
194699
194700
194704
194705
194708
194719
194720
194721
194727
194728
194731
194732
194736
194738
194761
194762
194763
194766
194767
194768
194771
194772
194774
194775
194777
194778
194797
194798
194799
194802
194803
194804
194807
194808
194810
194811
194813
194814
194815
194816
194817
194823
194824
194825
194831
194832
194836
194837
194841
194843
194851
194852
194853
194859
194860
194861
194867
194868
194872
194873
194877
194879
194911
194912
194913
194914
194919
194920
194921
194924
194925
194926
194929
194930
194932
194933
194934
194947
194948
194949
194952
194953
194954
194955
194957
194958
194959
194960
194961
194962
194971
194972
194973
194979
194980
194981
194987
194988
194992
194993
194996
195007
195008
195009
195015
195016
195019
195020
195024
195026
195055
195056
195057
195058
195063
195064
195065
195068
195069
195070
195073
195074
195076
195077
195078
195091
195092
195093
195096
195097
195098
195099
195101
195102
195103
195104
195105
195106
195115
195116
195117
195123
195124
195125
195131
195132
195136
195137
195140
195151
195152
195153
195159
195160
195163
195164
195168
195170
195193
195194
195195
195198
195199
195200
195203
195204
195206
195207
195209
195210
195223
195224
195225
195228
195229
195230
195231
195233
195234
195235
195236
195237
195243
195244
195245
195251
195252
195256
195257
195261
195263
195271
195272
195273
195279
195280
195283
195284
195288
195290
195716
195719
195721
195722
195724
195725
195727
195740
195741
195742
195784
195785
195787
195789
195790
195792
195801
195802
195836
195838
195839
195840
195842
195876
195878
195879
195880
195882
195907
195909
195910
195912
195937
195939
195940
195942
195976
195978
195979
195980
195982
196016
196018
196019
196020
196022
196047
196049
196050
196052
196077
196079
196080
196082
196136
196139
196141
196142
196144
196145
196147
196160
196161
196162
196204
196205
196207
196209
196210
196212
196221
196222
196226
196228
196230
196233
196235
196266
196268
196270
196273
196275
196305
196307
196310
196312
196335
196337
196340
196342
196363
196370
196372
196374
196375
196380
196382
196429
196431
196433
196443
196448
196450
196451
196456
196458
196494
196496
196506
196508
196510
196513
196515
196546
196548
196550
196553
196555
196585
196587
196590
196592
196615
196617
196620
196622
196643
196650
196652
196654
196655
196660
196662
196709
196711
196713
196723
196728
196730
196731
196736
196738
196774
196776
196786
196788
196790
196793
196795
196799
196800
196801
196802
196804
196806
196807
196808
196809
196811
196812
196813
196814
196817
196819
196822
196824
196827
196828
196829
196831
196832
196833
196834
196836
196837
196838
196839
196840
196841
196842
196846
196848
196850
196851
196852
196853
196856
196858
196859
196860
196863
196866
196868
196870
196871
196872
196873
196876
196878
196879
196880
196882
196883
196886
196890
196892
196894
196897
196899
196903
196904
196905
196906
196908
196910
196911
196912
196913
196915
196916
196917
196918
196921
196923
196926
196930
196931
196932
196934
196935
196936
196937
196939
196940
196941
196942
196943
196946
196948
196949
196950
196951
196954
196956
196957
196959
196962
196964
196965
196966
196967
196970
196972
196973
196974
196975
196978
196980
196982
196985
196990
196993
196996
196998
197002
197003
197004
197005
197008
197009
197010
197011
197013
197014
197015
197016
197019
197021
197023
197025
197026
197027
197029
197030
197031
197032
197033
197034
197035
197036
197040
197043
197044
197045
197046
197049
197051
197052
197053
197056
197060
197062
197063
197064
197065
197068
197070
197071
197072
197074
197075
197078
197087
197088
197090
197091
197093
197094
197103
197104
197106
197107
197109
197110
197111
197112
197116
197117
197121
197123
197127
197128
197132
197133
197137
197139
197154
197155
197156
197159
197160
197162
197163
197164
197170
197171
197173
197174
197175
197176
197177
197183
197184
197188
197189
197192
197197
197198
197202
197204
197210
197213
197216
197218
197222
197223
197224
197225
197228
197229
197230
197231
197233
197234
197235
197236
197239
197241
197243
197245
197246
197247
197249
197250
197251
197252
197253
197254
197255
197256
197260
197263
197264
197265
197266
197269
197271
197272
197273
197276
197280
197282
197283
197284
197285
197288
197290
197291
197292
197294
197295
197298
197301
197303
197306
197308
197311
197312
197313
197315
197316
197317
197318
197320
197321
197322
197325
197327
197330
197334
197335
197336
197338
197339
197340
197341
197343
197344
197345
197346
197347
197350
197352
197353
197354
197355
197358
197360
197361
197363
197366
197368
197369
197370
197371
197374
197376
197377
197378
197379
197382
197384
197386
197389
197402
197403
197404
197407
197408
197410
197411
197412
197418
197419
197421
197422
197423
197424
197425
197431
197432
197436
197437
197440
197445
197446
197450
197452
197458
197461
197464
197466
197470
197471
197472
197473
197476
197477
197478
197479
197481
197482
197483
197484
197487
197489
197491
197493
197494
197495
197497
197498
197499
197500
197501
197502
197503
197504
197508
197511
197512
197513
197514
197517
197519
197520
197521
197524
197528
197530
197531
197532
197533
197536
197538
197539
197540
197542
197543
197546
197555
197556
197558
197559
197561
197562
197568
197569
197571
197572
197573
197574
197578
197579
197583
197585
197589
197590
197594
197596
