34850
34852
34854
34876
34878
35186
35188
35190
35212
35570
35572
35574
35596
35954
35956
35958
35980
36338
36340
36342
36364
36722
36724
36726
36748
37059
37061
37083
37085
37443
37445
37467
37469
37827
37829
37851
37853
38211
38213
38235
38237
38595
38597
38619
38621
38979
38981
39003
39005
39363
39365
39387
39389
39747
39749
39771
39773
40131
40133
40155
40157
40515
40517
40539
40541
40948
40950
40972
40974
41332
41334
41356
41358
41716
41718
41740
41742
42100
42102
42124
42362
42364
42366
42368
42370
42372
42380
42382
42384
42392
42394
42396
42404
42406
42408
42424
42426
42430
42432
42442
42444
42454
42456
42466
42468
43090
43092
43102
43104
43114
43116
43126
43128
43138
43140
43150
43152
43162
43164
43174
43176
43186
43188
43198
43200
43804
43806
43810
43812
43822
43824
43834
43836
43846
43848
43864
43866
43870
43872
43882
43884
43894
43896
43906
43908
44282
44284
44286
44288
44290
44292
44300
44302
44304
44312
44314
44316
44324
44326
44328
44344
44350
44362
44374
44386
44648
44650
44652
44660
44662
44664
44672
44674
44676
44684
44686
44688
44696
44698
44700
44710
44722
44734
44746
44758
45488
45490
45492
45500
45502
45504
45512
45514
45516
45524
45526
45528
45536
45538
45540
45550
45562
45574
45586
45598
45609
45611
45621
45623
45633
45635
45645
45647
45657
45659
45669
45671
45681
45683
45693
45695
45705
45707
45717
45719
46203
46205
46209
46211
46221
46223
46233
46235
46245
46247
46263
46265
46269
46271
46281
46283
46293
46295
46305
46307
46923
46925
46929
46931
46941
46943
46953
46955
46965
46967
46983
46985
46989
46991
47001
47003
47013
47015
47025
47027
47641
47643
47645
47647
47649
47651
47659
47661
47663
47671
47673
47675
47683
47685
47687
47703
47709
47721
47733
47745
47887
47889
47891
47899
47901
47903
47911
47913
47915
47923
47925
47927
47935
47937
47939
47949
47961
47973
47985
47997
48363
48365
48369
48371
48381
48383
48393
48395
48405
48407
48423
48425
48429
48431
48441
48443
48453
48455
48465
48467
49448
49450
49452
49460
49462
49464
49472
49474
49476
49484
49486
49488
49496
49498
49500
49510
49512
49522
49524
49534
49536
49546
49548
49558
49560
49569
49571
49581
49583
49593
49595
49605
49607
49617
49619
49629
49631
49641
49643
49653
49655
49665
49667
49677
49679
49689
49691
49701
49703
49713
49715
49725
49727
49737
49739
49749
49751
49761
49763
49773
49775
49785
49787
49797
49799
49810
49812
49822
49824
49834
49836
49846
49848
49858
49860
49870
49872
49882
49884
49894
49896
49906
49908
49918
49920
57603
57607
57611
57615
57619
57623
57627
57631
57635
57639
57643
57647
57651
57655
57659
57667
57679
57691
57703
57715
57724
57728
57732
57736
57740
57744
57748
57752
57756
57760
57764
57768
57772
57776
57780
57788
57800
57812
57824
57836
57846
57848
57850
57852
57860
57864
57872
57876
57884
57888
57906
57908
57920
57932
57944
57965
57967
57969
57971
57979
57983
57991
57995
58003
58007
58025
58027
58039
58051
58063
61736
61738
61740
61750
61752
61761
61763
61773
61775
61785
61787
61797
61799
61810
61812
61822
61824
61826
61828
61830
61840
61842
61849
61851
61853
61863
61865
61875
61877
61887
61889
61900
61902
61912
61914
61922
61924
61926
61936
61938
61945
61947
61949
61959
61961
61977
61979
61989
61991
62002
62004
62014
62016
62071
62073
62075
62085
62098
62100
62110
62260
62262
62272
62283
62285
62295
63699
63703
63707
63715
63724
63728
63732
63740
63750
63754
63762
63773
63777
63785
67154
67156
67158
67160
67162
67164
67166
67168
67170
67178
67180
67182
67184
67186
67188
67192
67194
67198
67200
67204
67206
67216
67218
67222
67224
67231
67233
67235
67237
67239
67241
67249
67251
67253
67255
67257
67259
67269
67271
67275
67277
67287
67289
67293
67295
67298
67300
67302
67304
67306
67308
67310
67312
67314
67322
67324
67326
67328
67330
67332
67336
67342
67348
67360
67366
67375
67377
67379
67381
67383
67385
67393
67395
67397
67399
67401
67403
67413
67419
67431
67437
67444
67446
67450
67452
67456
67458
67468
67470
67474
67476
67480
67486
67492
67504
67510
67521
67523
67527
67529
67539
67541
67545
67547
67557
67563
67575
67581
67586
67588
67590
67592
67594
67596
67598
67600
67602
67610
67612
67614
67624
67626
67630
67632
67636
67638
67648
67650
67657
67659
67661
67663
67665
67667
67669
67671
67673
67681
67683
67685
67695
67697
67701
67703
67707
67709
67719
67721
67736
67738
67740
67742
67744
67746
67754
67756
67758
67760
67762
67764
67771
67773
67775
67777
67779
67781
67789
67791
67793
67795
67797
67799
67810
67816
67828
67834
67845
67851
67863
67869
67876
67878
67880
67882
67884
67886
67888
67890
67894
67900
67906
67916
67918
67920
67936
67947
67949
67951
67953
67955
67957
67959
67961
67965
67971
67977
67987
67989
67991
68007
68018
68020
68022
68024
68026
68028
68038
68044
68053
68055
68057
68059
68061
68063
68073
68079
68090
68092
68094
68096
68098
68100
68110
68116
68125
68127
68129
68131
68133
68135
68145
68151
68169
68171
68175
68177
68187
68189
68193
68195
68206
68208
68212
68214
68224
68226
68230
68232
68241
68243
68247
68249
68259
68261
68265
68278
68280
68284
68286
68296
68298
68302
68311
68313
68317
68319
68329
68331
68348
68350
68354
68356
68366
68368
68383
68385
68389
68391
68401
68403
68420
68422
68426
68428
68438
68440
68455
68457
68461
68463
68473
68475
68492
68494
68498
68500
68510
68512
68527
68529
68533
68535
68545
68547
68566
68572
68584
68602
68604
68608
68610
68620
68626
68637
68639
68643
68645
68655
68661
68674
68676
68680
68682
68692
68698
68709
68711
68715
68717
68727
68733
68746
68748
68752
68754
68764
68770
68781
68783
68787
68789
68799
68805
68818
68820
68836
68853
68855
68871
68887
68889
68893
68895
68905
68907
68924
68926
68930
68932
68942
68944
68961
68967
68979
68998
69004
69016
154347
154350
154352
154354
154403
154405
154407
154409
154465
154468
154470
154472
154509
154512
154514
154516
154539
154543
154546
154549
154601
154604
154606
154608
154611
154614
154617
154620
154658
154661
154663
154665
154711
154713
154715
154717
154772
154775
154777
154779
154795
154798
154800
154802
154837
154839
154841
154843
154930
154933
154935
154937
154940
154942
154944
154946
154948
154950
154952
154954
154955
154957
154959
154961
155457
155460
155462
155464
155466
155469
155471
155472
155473
155475
155477
155479
155481
155483
155485
155486
163728
163729
163730
163731
163736
163737
163738
163741
163742
163743
163746
163747
163749
163750
163751
163754
163755
163757
163758
163759
163762
163763
163765
163766
163767
163768
163769
163770
163773
163774
163775
163778
163779
163781
163782
163784
163785
163787
163788
163790
163791
163793
163794
163796
163797
164178
164179
164181
164182
164184
164185
164187
164188
164190
164191
164193
164194
164196
164197
164199
164200
164202
164203
164205
164206
164208
164209
164211
164212
164214
164215
164217
164218
164220
164221
164223
164224
164226
164227
164229
164230
164232
164233
164235
164236
164668
164669
164670
164675
164676
164677
164680
164681
164684
164685
164687
164688
164691
164692
164694
164695
164698
164699
164701
164702
164703
164704
164705
164708
164709
164710
164713
164714
164716
164717
164719
164720
164722
164723
164725
164726
164728
164729
164731
164732
165028
165029
165030
165031
165036
165037
165038
165041
165042
165043
165046
165047
165049
165050
165051
165054
165055
165057
165058
165059
165062
165063
165065
165066
165067
165068
165069
165070
165073
165074
165077
165078
165080
165082
165083
165085
165087
165088
165090
165092
165276
165277
165278
165283
165284
165289
165290
165291
165296
165297
165302
165303
165304
165309
165310
165315
165316
165317
165322
165323
165328
165329
165330
165335
165336
165340
165341
165345
165349
165350
165354
165358
165359
165363
165367
165368
165372
165376
165377
165381
165748
165749
165750
165753
165754
165756
165757
165758
165761
165762
165764
165765
165766
165769
165770
165772
165773
165774
165777
165778
165780
165781
165782
165785
165786
165788
165789
165791
165792
165793
165795
165796
165797
165799
165800
165801
165803
165804
165805
165807
165808
165809
165813
165814
165818
165819
165823
165824
165828
165829
165833
165834
165838
165839
165843
165844
165848
165849
165853
165854
165858
165859
165863
165864
165868
165869
165873
165874
165878
165879
165883
165884
165888
165889
165893
165894
165898
165899
165903
165904
166203
166204
166205
166210
166211
166212
166215
166216
166219
166220
166222
166223
166226
166227
166229
166230
166233
166234
166236
166237
166238
166239
166240
166243
166244
166245
166248
166249
166251
166252
166254
166255
166257
166258
166260
166261
166263
166264
166266
166267
166608
166609
166610
166613
166614
166615
166618
166619
166621
166622
166624
166625
166627
166628
166630
166631
166633
166634
166636
166637
166638
166639
166640
166643
166644
166645
166648
166649
166651
166652
166654
166655
166657
166658
166660
166661
166663
166664
166666
166667
167098
167099
167100
167101
167106
167107
167108
167111
167112
167113
167116
167117
167119
167120
167121
167124
167125
167127
167128
167129
167132
167133
167135
167136
167137
167138
167139
167140
167143
167144
167147
167148
167150
167152
167153
167155
167157
167158
167160
167162
167278
167279
167280
167283
167284
167286
167287
167288
167291
167292
167294
167295
167296
167299
167300
167302
167303
167304
167307
167308
167310
167311
167312
167315
167316
167318
167319
167321
167323
167324
167326
167328
167329
167331
167333
167334
167336
167338
167339
167341
167623
167624
167625
167628
167629
167630
167633
167634
167636
167637
167639
167640
167642
167643
167645
167646
167648
167649
167651
167652
167653
167654
167655
167658
167659
167660
167663
167664
167666
167667
167669
167670
167672
167673
167675
167676
167678
167679
167681
167682
168373
168374
168375
168378
168379
168381
168382
168383
168386
168387
168389
168390
168391
168394
168395
168397
168398
168399
168402
168403
168405
168406
168407
168410
168411
168413
168414
168416
168417
168419
168420
168422
168423
168425
168426
168428
168429
168431
168432
168434
168435
168437
168438
168440
168441
168443
168444
168446
168447
168449
168450
168452
168453
168455
168456
168458
168459
168461
168462
168464
168465
168467
168468
168470
168471
168473
168474
168476
168477
168479
168480
168482
168483
168485
168486
168488
168489
168491
168492
168494
168495
168497
168498
168500
168501
168503
168504
168506
168507
168509
168510
168512
168513
168515
168516
168518
168519
168521
168522
168524
168525
168527
168528
168530
168531
168533
168534
168536
168537
168539
168540
168542
168543
168545
168546
168548
168549
168551
168552
168554
168555
168557
168558
168560
168561
168563
168564
168566
168567
168569
168570
168572
168573
168575
168576
168578
168579
168581
168582
168584
168585
168587
168588
168590
168591
168593
168594
168596
168597
168599
168600
168602
168603
168605
168606
168608
168609
168611
168612
168614
168615
168617
168618
168620
168621
172293
172294
172295
172298
172299
172301
172302
172303
172306
172307
172309
172310
172311
172314
172315
172317
172318
172319
172322
172323
172325
172326
172327
172330
172331
172333
172334
172336
172337
172338
172340
172341
172342
172344
172345
172346
172348
172349
172350
172352
172353
172354
172355
172358
172359
172361
172362
172363
172366
172367
172369
172370
172371
172374
172375
172377
172378
172379
172382
172383
172385
172386
172387
172390
172391
172393
172394
172396
172397
172398
172400
172401
172402
172404
172405
172406
172408
172409
172410
172412
172413
172414
172415
172418
172419
172420
172423
172424
172426
172427
172429
172430
172432
172433
172435
172436
172438
172439
172441
172442
172443
172444
172445
172448
172449
172450
172451
172453
172454
172455
172457
172458
172459
172461
172462
172463
172464
172465
172468
172469
172470
172473
172474
172476
172477
172479
172480
172482
172483
172485
172486
172488
172489
172491
172492
172493
172494
172495
172498
172499
172500
172501
172503
172504
172505
172507
172508
172509
172511
172512
174268
174269
174270
174273
174274
174276
174277
174279
174280
174282
174283
174285
174286
174288
174289
174291
174292
174294
174295
174297
174298
174300
174301
174303
174304
174306
174307
174309
174310
174312
174313
174315
174316
174318
174319
174320
174323
174324
174326
174327
174329
174330
174332
174333
174334
174337
174338
174340
174341
174343
174344
174346
174347
174349
174350
174352
174353
174355
174356
174358
174359
174361
174362
174364
174365
174367
174368
174370
174371
174372
174375
174376
174378
174379
174381
174382
174384
174385
174386
174389
174390
174392
174393
174395
174396
174398
174399
174401
174402
174404
174405
174407
174408
174410
174411
174413
174414
174416
174417
174419
174420
174448
174449
174450
174456
174457
174461
174462
174466
174472
174473
174477
174478
174482
174483
174487
174568
174569
174574
174575
174579
174580
174584
174586
174587
174593
174594
174598
174599
174603
175439
175440
175441
175444
175445
175447
175448
175450
175451
175452
175453
175456
175457
175459
175460
175462
175463
175464
175466
175467
175469
175470
175472
175473
175474
175476
175477
175479
175480
175482
178054
178055
178056
178057
178062
178063
178064
178067
178068
178069
178072
178073
178075
178076
178077
178080
178081
178083
178084
178085
178088
178089
178091
178092
178093
178096
178097
178098
178101
178102
178104
178105
178107
178108
178110
178111
178113
178114
178116
178117
178119
178120
178121
178124
178125
178127
178128
178129
178132
178133
178135
178136
178137
178140
178141
178143
178144
178145
178148
178149
178151
178152
178154
178155
178157
178158
178160
178161
178163
178164
178166
178167
178169
178170
178172
178173
178175
178176
178177
178178
178183
178184
178185
178188
178189
178190
178193
178194
178196
178197
178198
178201
178202
178204
178205
178206
178209
178210
178212
178213
178214
178217
178218
178219
178220
178222
178223
178224
178226
178227
178228
178230
178231
178232
178233
178236
178237
178239
178240
178241
178244
178245
178247
178248
178249
178252
178253
178255
178256
178257
178260
178261
178263
178264
178266
178267
178268
178270
178271
178272
178274
178275
178276
178278
178279
178280
178281
178284
178285
178286
178289
178290
178292
178293
178295
178296
178298
178299
178301
178302
178304
178305
178307
178308
178309
178312
178313
178314
178315
178317
178318
178319
178321
178322
178323
178325
178326
178327
178329
178330
178332
178333
178335
178336
178338
178339
178341
178342
178344
178345
178347
178348
178350
178351
178353
178354
178355
178357
178358
178359
178361
178362
178363
178365
178366
178367
178368
178369
178374
178375
178376
178379
178380
178381
178384
178385
178387
178388
178389
178392
178393
178395
178396
178397
178398
178399
178400
178403
178404
178405
178408
178409
178411
178412
178414
178415
178417
178418
178420
178421
178422
178423
178424
178425
178430
178431
178432
178435
178436
178437
178440
178441
178443
178444
178445
178448
178449
178451
178452
178453
178454
178455
178456
178459
178460
178461
178464
178465
178467
178468
178470
178471
178473
178474
178476
178477
178478
178479
178480
178483
178484
178486
178487
178488
178491
178492
178494
178495
178496
178499
178500
178502
178503
178504
178507
178508
178510
178511
178512
178515
178516
178518
178519
178520
178523
178524
178526
178527
178528
178531
178532
178534
178535
178536
178539
178540
178542
178543
178545
178546
178547
178549
178550
178551
178553
178554
178555
178557
178558
178559
178561
178562
178563
178565
178566
178567
178569
178570
178571
178573
178574
178575
178576
178577
178581
178582
178583
178586
178587
178588
178591
178592
178594
178595
178596
178599
178600
178601
178602
178604
178605
178606
178607
178610
178611
178613
178614
178615
178616
178617
178619
178620
178621
178622
178623
178624
178628
178629
178630
178633
178634
178635
178638
178639
178641
178642
178643
178646
178647
178648
178649
178651
178652
178653
178654
178657
178658
178660
178661
178662
178663
178664
178666
178667
178668
178669
178670
178671
178676
178677
178678
178681
178682
178683
178684
178685
178686
178689
178690
178691
178692
178693
178694
178695
178700
178701
178702
178705
178706
178707
178708
178709
178710
178713
178714
178715
178716
178717
178718
178719
178724
178725
178726
178729
178730
178731
178732
178733
178734
178737
178738
178739
178740
178741
178742
178743
178748
178749
178750
178753
178754
178755
178756
178757
178758
178761
178762
178763
178764
178765
178767
178768
178770
178771
178773
178774
178776
178777
178779
178780
178782
178783
178785
178786
178788
178789
178791
178792
178794
178795
178797
178798
178800
178801
178803
178804
178806
178807
178809
178810
178812
178813
178815
178816
178818
178819
178821
178822
178824
178825
178827
178828
178830
178831
178833
178834
178835
178836
178838
178839
178841
178842
178844
178845
178847
178848
178850
178851
178853
178854
178856
178857
178858
178859
178860
178863
178864
178865
178866
178869
178870
178871
178872
178875
178876
178877
178878
178879
178880
178883
178884
178885
178886
178889
178890
178891
178892
178895
178896
178897
178898
178899
178900
178903
178904
178905
178906
178909
178910
178911
178912
178915
178916
178917
178918
178919
178920
178923
178924
178925
178926
178929
178930
178931
178932
178935
178936
178937
178938
178939
178940
178943
178944
178945
178946
178949
178950
178951
178952
178955
178956
178957
178958
178959
178960
178963
178964
178965
178966
178969
178970
178971
178972
178975
178976
178977
178978
178979
178980
178983
178984
178985
178986
178989
178990
178991
178992
178995
178996
178997
178998
178999
179001
179002
179003
179005
179006
179007
179009
179010
179011
179012
179014
179015
179017
179018
179020
179021
179023
179024
179026
179027
179028
179030
179031
179032
179034
179035
179037
179038
179040
179041
179043
179044
179046
179047
179048
179050
179051
179052
179054
179055
179057
179058
179060
179061
179063
179064
179066
179067
179068
179070
179071
179072
179074
179075
179077
179078
179080
179081
179083
179084
179086
179087
179088
179090
179091
179092
179094
179095
179097
179098
179100
179101
179103
179104
179106
179107
179108
179110
179111
179112
179114
179115
179117
179118
179120
179121
179123
179124
179126
179127
179128
179130
179131
179132
179134
179135
179137
179138
179139
179140
179142
179143
179144
179145
179147
179148
179150
179151
179152
179153
179155
179156
179157
179158
179159
179162
179163
179164
179165
179168
179169
179170
179171
179174
179175
179176
179177
179178
179179
179182
179183
179184
179185
179188
179189
179190
179191
179194
179195
179196
179197
179198
179200
179201
179202
179204
179205
179206
179208
179209
179210
179211
179213
179214
179215
179217
179218
179219
179221
179222
