131072
62438 972.699013
45876 3513.933536
46271 3453.270044
46530 3413.520173
48862 3055.771334
49917 2893.827618
51096 2712.928696
51453 2658.272624
54694 2160.975169
55241 2076.930760
58368 1597.242516
58642 1555.213703
60066 1336.589413
62042 1033.496646
62755 923.996977
62893 902.890447
63200 855.726337
63443 818.464328
63697 779.594101
63917 745.764058
67020 269.694549
67209 240.577867
67555 187.613599
67876 138.275840
69976 -183.843153
70235 -223.593024
71717 -450.986122
73279 -690.654009
74315 -849.653493
75254 -993.746775
75391 -1014.718775
79107 -1585.026107
80403 -1783.775462
81269 -1916.691020
84453 -2405.259319
