16384
7897 802.613742
6314 2227.449213
6346 2198.691066
6387 2162.089787
6820 1772.547613
6852 1743.789466
6895 1704.573811
6921 1681.044418
7354 1291.502243
7398 1252.286588
7453 1202.613425
7906 794.401638
7910 791.284979
7918 783.666480
7922 779.857231
7929 773.970209
7934 769.122074
7941 762.888757
7952 752.940579
7961 745.573987
7968 738.994374
7976 731.375876
7982 725.835149
7993 716.339301
8006 705.057426
8015 696.596049
8020 692.470692
8029 683.630641
8276 461.318956
8286 452.675978
8418 333.482466
8429 323.439900
8436 317.206582
8448 306.817721
8457 298.506631
8461 295.424602
8471 286.386292
8480 277.728907
8491 267.686341
8501 258.823324
8513 248.640094
8524 238.597528
8532 230.979029
8542 222.222046
8550 215.395736
8556 209.162419
8559 206.738351
8568 198.427262
8980 -172.548883
9015 -203.921407
9033 -219.607669
9079 -261.437701
9108 -287.581471
9602 -732.025563
9625 -752.940579
