74
76
78
80
82
84
92
94
96
104
106
108
112
114
118
120
130
132
142
144
650
652
654
656
658
660
668
670
672
680
682
684
688
694
706
718
1226
1228
1230
1232
1234
1236
1244
1246
1248
1256
1258
1260
1264
1270
1282
1294
1802
1804
1806
1808
1810
1812
1820
1822
1824
1832
1834
1836
1840
1846
1858
1870
2378
2380
2382
2384
2386
2388
2396
2398
2400
2408
2410
2412
2416
2422
2434
2446
2954
2956
2958
2960
2962
2964
2972
2974
2976
2984
2986
2988
2992
2998
3010
3022
3459
3461
3465
3467
3477
3479
3489
3491
3495
3497
3501
3503
3513
3515
3525
3527
4035
4037
4041
4043
4053
4055
4065
4067
4071
4073
4077
4079
4089
4091
4101
4103
4611
4613
4617
4619
4629
4631
4641
4643
4647
4649
4653
4655
4665
4667
4677
4679
5187
5189
5193
5195
5205
5207
5217
5219
5223
5225
5229
5231
5241
5243
5253
5255
5763
5765
5769
5771
5781
5783
5793
5795
5799
5801
5805
5807
5817
5819
5829
5831
6339
6341
6345
6347
6357
6359
6369
6371
6375
6377
6381
6383
6393
6395
6405
6407
6988
6990
6994
6996
7006
7008
7018
7020
7024
7026
7030
7032
7042
7044
7054
7056
7564
7566
7570
7572
7582
7584
7594
7596
7600
7602
7606
7608
7618
7620
7630
7632
8140
8142
8146
8148
8158
8160
8170
8172
8176
8178
8182
8184
8194
8196
8206
8208
8716
8718
8722
8724
8734
8736
8746
8748
8752
8754
8758
8760
8770
8772
8782
8784
9219
9221
9225
9227
9237
9239
9249
9251
9255
9257
9261
9263
9273
9275
9285
9287
9795
9797
9801
9803
9813
9815
9825
9827
9831
9833
9837
9839
9849
9851
9861
9863
10371
10373
10377
10379
10389
10391
10401
10403
10407
10409
10413
10415
10425
10427
10437
10439
10947
10949
10953
10955
10965
10967
10977
10979
10983
10989
11001
11013
34609
34611
34613
34615
34617
34619
34635
34637
34641
34643
34945
34947
34949
34951
34953
34955
34971
34977
35329
35331
35333
35335
35337
35339
35355
35361
35713
35715
35717
35719
35721
35723
35739
35745
36097
36099
36101
36103
36105
36107
36123
36129
36481
36483
36485
36487
36489
36491
36507
36513
36916
36918
36922
36924
36940
36942
36946
36948
37300
37302
37306
37308
37324
37326
37330
37332
37684
37686
37690
37692
37708
37710
37714
37716
38068
38070
38074
38076
38092
38094
38098
38100
38452
38454
38458
38460
38476
38478
38482
38484
38836
38838
38842
38844
38860
38862
38866
38868
39220
39222
39226
39228
39244
39246
39250
39252
39604
39606
39610
39612
39628
39630
39634
39636
39988
39990
39994
39996
40012
40014
40018
40020
40372
40374
40378
40380
40396
40398
40402
40404
40707
40709
40713
40715
40731
40733
40737
40739
41091
41093
41097
41099
41115
41117
41121
41123
41475
41477
41481
41483
41499
41501
41505
41507
41859
41861
41865
41867
41883
41889
139413
139416
139418
139421
139423
139426
139428
139430
139432
139434
139436
139438
139638
139641
139643
139646
139648
139651
139653
139654
139656
139657
139659
139660
139842
139845
139847
139850
139852
139855
139857
139858
139860
139861
139863
139864
140046
140049
140051
140054
140056
140059
140061
140062
140064
140065
140067
140068
140250
140253
140255
140258
140260
140263
140265
140266
140268
140269
140271
140272
140454
140457
140459
140462
140464
140467
140469
140470
140472
140473
140475
140476
140621
140624
140627
140630
140633
140636
140639
140642
140645
140648
140651
140654
140825
140828
140831
140834
140837
140840
140843
140846
140849
140852
140855
140858
141029
141032
141035
141038
141041
141044
141047
141050
141053
141056
141059
141062
141233
141236
141239
141242
141245
141248
141251
141254
141257
141260
141263
141266
141437
141440
141443
141446
141449
141452
141455
141458
141461
141464
141467
141470
141641
141644
141647
141650
141653
141656
141659
141662
141665
141668
141671
141674
141882
141884
141886
141888
141890
141892
141894
141896
141898
141900
141902
141904
142086
142088
142090
142092
142094
142096
142098
142100
142102
142104
142106
142108
142290
142292
142294
142296
142298
142300
142302
142304
142306
142308
142310
142312
142494
142496
142498
142500
142502
142504
142506
142508
142510
142512
142514
142516
142661
142664
142667
142670
142673
142676
142679
142682
142685
142688
142691
142694
142865
142868
142871
142874
142877
142880
142883
142886
142889
142892
142895
142898
143069
143072
143075
143078
143081
143084
143087
143090
143093
143096
143099
143102
143273
143276
143279
143282
143285
143288
143291
143294
143296
143299
143301
143304
151639
151643
151646
151650
151653
151656
151659
151662
151765
151769
151772
151776
151779
151782
151784
151787
151901
151905
151908
151912
151915
151918
151920
151923
152037
152041
152044
152048
152051
152054
152056
152059
152173
152177
152180
152184
152187
152190
152192
152195
152309
152313
152316
152320
152323
152326
152328
152331
152470
152472
152474
152476
152478
152480
152482
152484
152606
152608
152610
152612
152614
152616
152618
152620
152742
152744
152746
152748
152750
152752
152754
152756
152878
152880
152882
152884
152886
152888
152890
152892
153014
153016
153018
153020
153022
153024
153026
153028
153150
153152
153154
153156
153158
153160
153162
153164
153286
153288
153290
153292
153294
153296
153298
153300
153422
153424
153426
153428
153430
153432
153434
153436
153558
153560
153562
153564
153566
153568
153570
153572
153694
153696
153698
153700
153702
153704
153706
153708
153805
153808
153811
153814
153817
153820
153823
153826
153941
153944
153947
153950
153953
153956
153959
153962
154077
154080
154083
154086
154089
154092
154095
154098
154213
154216
154219
154222
154225
154228
154230
154233
154424
154427
154429
154431
154475
154479
154482
154485
154719
154723
154726
154729
154817
154820
154822
154824
155122
155125
155127
155129
155130
155133
155135
155137
155147
155149
155151
155152
155193
155196
155199
155201
155229
155232
155235
155238
155264
155267
155270
155272
155291
155294
155297
155300
155315
155317
155319
155320
155359
155362
155365
155368
155404
155406
155408
155410
155647
155650
155652
155654
155655
155657
155659
155661
155663
155665
155667
155669
155672
155674
155676
155678
155680
155682
155684
155685
155686
155688
155690
155692
155723
155724
155725
155726
155727
155728
155729
155730
155731
155732
155733
155734
155735
155736
155737
155852
155853
155854
155855
155856
155857
155858
155859
155860
155861
155862
155863
155960
155961
155962
155963
155964
155965
155966
155967
155968
155969
155970
155971
156068
156069
156070
156071
156072
156073
156074
156075
156076
156077
156078
156079
156176
156177
156178
156179
156180
156181
156182
156183
156184
156185
156186
156187
156284
156285
156286
156287
156288
156289
156290
156291
156292
156293
156294
156295
156368
156370
156372
156374
156376
156378
156380
156382
156384
156386
156388
156390
156476
156478
156480
156482
156484
156486
156488
156490
156492
156494
156496
156498
156584
156586
156588
156590
156592
156594
156596
156598
156600
156602
156604
156606
156692
156694
156696
156698
156700
156702
156704
156706
156708
156710
156712
156714
156800
156802
156804
156806
156808
156810
156812
156814
156816
156818
156820
156822
156908
156910
156912
156914
156916
156918
156920
156922
156924
156926
156928
156930
157040
157041
157042
157043
157044
157045
157046
157047
157048
157049
157050
157051
157148
157149
157150
157151
157152
157153
157154
157155
157156
157157
157158
157159
157256
157257
157258
157259
157260
157261
157262
157263
157264
157265
157266
157267
157364
157365
157366
157367
157368
157369
157370
157371
157372
157373
157374
157375
157448
157450
157452
157454
157456
157458
157460
157462
157464
157466
157468
157470
157556
157558
157560
157562
157564
157566
157568
157570
157572
157574
157576
157578
157664
157666
157668
157670
157672
157674
157676
157678
157680
157682
157684
157686
157772
157774
157776
157778
157780
157782
157784
157786
157788
162193
162194
162197
162199
162200
162203
162205
162207
162209
162211
162263
162264
162267
162269
162270
162273
162275
162277
162335
162336
162339
162341
162342
162345
162347
162349
162407
162408
162411
162413
162414
162417
162419
162421
162479
162480
162483
162485
162486
162489
162491
162493
162551
162552
162555
162557
162558
162561
162563
162565
162639
162640
162641
162642
162643
162644
162645
162646
162711
162712
162713
162714
162715
162716
162717
162718
162783
162784
162785
162786
162787
162788
162789
162790
162855
162856
162857
162858
162859
162860
162861
162862
162927
162928
162929
162930
162931
162932
162933
162934
162999
163000
163001
163002
163003
163004
163005
163006
163071
163072
163073
163074
163075
163076
163077
163078
163143
163144
163145
163146
163147
163148
163149
163150
163215
163216
163217
163218
163219
163220
163221
163222
163287
163288
163289
163290
163291
163292
163293
163294
163343
163345
163347
163349
163351
163353
163355
163357
163415
163417
163419
163421
163423
163425
163427
163429
163487
163489
163491
163493
163495
163497
163499
163501
163559
163561
163563
163565
163567
163569
