289
291
293
295
297
299
307
309
311
319
321
323
327
329
333
335
345
347
357
359
865
867
869
871
873
875
883
885
887
895
897
899
903
909
921
933
1441
1443
1445
1447
1449
1451
1459
1461
1463
1471
1473
1475
1479
1485
1497
1509
2017
2019
2021
2023
2025
2027
2035
2037
2039
2047
2049
2051
2055
2061
2073
2085
2593
2595
2597
2599
2601
2603
2611
2613
2615
2623
2625
2627
2631
2637
2649
2661
3169
3171
3173
3175
3177
3179
3187
3189
3191
3199
3201
3203
3207
3213
3225
3237
3820
3822
3826
3828
3838
3840
3850
3852
3856
3858
3862
3864
3874
3876
3886
3888
4396
4398
4402
4404
4414
4416
4426
4428
4432
4434
4438
4440
4450
4452
4462
4464
4972
4974
4978
4980
4990
4992
5002
5004
5008
5010
5014
5016
5026
5028
5038
5040
5548
5550
5554
5556
5566
5568
5578
5580
5584
5586
5590
5592
5602
5604
5614
5616
6124
6126
6130
6132
6142
6144
6154
6156
6160
6162
6166
6168
6178
6180
6190
6192
6700
6702
6706
6708
6718
6720
6730
6732
6736
6738
6742
6744
6754
6756
6766
6768
7203
7205
7209
7211
7221
7223
7233
7235
7239
7241
7245
7247
7257
7259
7269
7271
7779
7781
7785
7787
7797
7799
7809
7811
7815
7817
7821
7823
7833
7835
7845
7847
8355
8357
8361
8363
8373
8375
8385
8387
8391
8393
8397
8399
8409
8411
8421
8423
8931
8933
8937
8939
8949
8951
8961
8963
8967
8969
8973
8975
8985
8987
8997
8999
9580
9582
9586
9588
9598
9600
9610
9612
9616
9618
9622
9624
9634
9636
9646
9648
10156
10158
10162
10164
10174
10176
10186
10188
10192
10194
10198
10200
10210
10212
10222
10224
10732
10734
10738
10740
10750
10752
10762
10764
10768
10770
10774
10776
10786
10788
10798
10800
11308
11310
11314
11316
11326
11328
11338
11340
11344
11350
11362
11374
11887
11889
11891
11899
11901
11903
11911
11913
11915
11925
11927
11937
11939
11949
11951
12391
12393
12395
12403
12405
12407
12415
12417
12419
12429
12441
12453
12967
12969
12971
12979
12981
12983
12991
12993
12995
13005
13017
13029
13543
13545
13547
13555
13557
13559
13567
13569
13571
13581
13593
13605
14119
14121
14123
14131
14133
14135
14143
14145
14147
14157
14169
14181
14695
14697
14699
14707
14709
14711
14719
14721
14723
14733
14745
14757
15346
15348
15358
15360
15370
15372
15382
15384
15394
15396
15406
15408
15922
15924
15934
15936
15946
15948
15958
15960
15970
15972
15982
15984
16498
16500
16510
16512
16522
16524
16534
16536
16546
16548
16558
16560
17074
17076
17086
17088
17098
17100
17110
17112
17122
17124
17134
17136
17650
17652
17662
17664
17674
17676
17686
17688
17698
17700
17710
17712
18226
18228
18238
18240
18250
18252
18262
18264
18274
18276
18286
18288
18729
18731
18741
18743
18753
18755
18765
18767
18777
18779
18789
18791
19305
19307
19317
19319
19329
19331
19341
19343
19353
19355
19365
19367
19881
19883
19893
19895
19905
19907
19917
19919
19929
19931
19941
19943
20457
20459
20469
20471
20481
20483
20493
20495
20505
20507
20517
20519
21106
21108
21118
21120
21130
21132
21142
21144
21154
21156
21166
21168
21682
21684
21694
21696
21706
21708
21718
21720
21730
21732
21742
21744
22258
22260
22270
22272
22282
22284
22294
22296
22306
22308
22318
22320
22834
22836
22846
22848
22858
22860
22870
22882
22894
25208
25210
25212
25220
25222
25224
25232
25234
25236
25246
25248
25258
25260
25270
25272
25273
25275
25277
25279
25281
25283
25291
25293
25295
25311
25317
25329
25345
25347
25349
25351
25353
25355
25363
25365
25367
25383
25389
25401
25420
25422
25426
25428
25438
25440
25456
25458
25462
25464
25474
25476
25492
25494
25498
25500
25510
25512
25528
25530
25534
25536
25546
25548
25569
25571
25581
25583
25593
25595
25605
25607
25617
25619
25629
25631
26505
26507
26517
26519
26529
26531
26541
26543
26553
26555
26565
26567
27298
27300
27310
27312
27322
27324
27334
27336
27346
27348
27358
27360
27874
27876
27886
27888
27898
27900
27910
27912
27922
27924
27934
27936
28665
28667
28677
28679
28689
28691
28701
28703
28713
28715
28725
28727
28809
28811
28821
28823
28833
28835
28845
28847
28857
28859
28869
28871
28953
28955
28965
28967
28977
28979
28989
28991
29001
29003
29013
29015
30176
30178
30180
30188
30190
30192
30200
30202
30204
30214
30216
30226
30228
30238
30240
30466
30468
30478
30480
30490
30492
30502
30504
30514
30516
30526
30528
30754
30756
30766
30768
30778
30780
30790
30792
30802
30804
30814
30816
30969
30971
30981
30983
30993
30995
31005
31017
31029
32409
32411
32421
32423
32433
32435
32445
32447
32457
32459
32469
32471
32697
32699
32709
32711
32721
32723
32733
32735
32745
32747
32757
32759
32985
32987
32997
32999
33009
33011
33021
33023
33033
33035
33045
33047
33346
33348
33358
33360
33370
33372
33382
33394
33406
34850
34852
34854
34856
34858
34860
34876
34878
34882
34884
35186
35188
35190
35192
35194
35196
35212
35218
35570
35572
35574
35576
35578
35580
35596
35602
35954
35956
35958
35960
35962
35964
35980
35986
36338
36340
36342
36344
36346
36348
36364
36370
36722
36724
36726
36728
36730
36732
36748
36754
37059
37061
37065
37067
37083
37085
37089
37091
37443
37445
37449
37451
37467
37469
37473
37475
37827
37829
37833
37835
37851
37853
37857
37859
38211
38213
38217
38219
38235
38237
38241
38243
38595
38597
38601
38603
38619
38621
38625
38627
38979
38981
38985
38987
39003
39005
39009
39011
39363
39365
39369
39371
39387
39389
39393
39395
39747
39749
39753
39755
39771
39773
39777
39779
40131
40133
40137
40139
40155
40157
40161
40163
40515
40517
40521
40523
40539
40541
40545
40547
40948
40950
40954
40956
40972
40974
40978
40980
41332
41334
41338
41340
41356
41358
41362
41364
41716
41718
41722
41724
41740
41742
41746
41748
42100
42102
42106
42108
42124
42130
139493
139497
139500
139504
139507
139511
139514
139517
139520
139523
139526
139529
139709
139713
139716
139720
139723
139727
139730
139733
139735
139738
139740
139743
139913
139917
139920
139924
139927
139931
139934
139937
139939
139942
139944
139947
140117
140121
140124
140128
140131
140135
140138
140141
140143
140146
140148
140151
140321
140325
140328
140332
140335
140339
140342
140345
140347
140350
140352
140355
140525
140529
140532
140536
140539
140543
140546
140549
140551
140554
140556
140559
140754
140756
140758
140760
140762
140764
140766
140768
140770
140772
140774
140776
140958
140960
140962
140964
140966
140968
140970
140972
140974
140976
140978
140980
141162
141164
141166
141168
141170
141172
141174
141176
141178
141180
141182
141184
141366
141368
141370
141372
141374
141376
141378
141380
141382
141384
141386
141388
141570
141572
141574
141576
141578
141580
141582
141584
141586
141588
141590
141592
141774
141776
141778
141780
141782
141784
141786
141788
141790
141792
141794
141796
141953
141956
141959
141962
141965
141968
141971
141974
141977
141980
141983
141986
142157
142160
142163
142166
142169
142172
142175
142178
142181
142184
142187
142190
142361
142364
142367
142370
142373
142376
142379
142382
142385
142388
142391
142394
142565
142568
142571
142574
142577
142580
142583
142586
142589
142592
142595
142598
142794
142796
142798
142800
142802
142804
142806
142808
142810
142812
142814
142816
142998
143000
143002
143004
143006
143008
143010
143012
143014
143016
143018
143020
143202
143204
143206
143208
143210
143212
143214
143216
143218
143220
143222
143224
143391
143393
143395
143397
143399
143401
143403
143404
143406
143407
143409
143410
143612
143616
143619
143623
143626
143630
143633
143636
143639
143642
143645
143648
143789
143793
143796
143800
143803
143807
143810
143813
143815
143818
143820
143823
143993
143997
144000
144004
144007
144011
144014
144017
144019
144022
144024
144027
144197
144201
144204
144208
144211
144215
144218
144221
144223
144226
144228
144231
144401
144405
144408
144412
144415
144419
144422
144425
144427
144430
144432
144435
144605
144609
144612
144616
144619
144623
144626
144629
144631
144634
144636
144639
144834
144836
144838
144840
144842
144844
144846
144848
144850
144852
144854
144856
145038
145040
145042
145044
145046
145048
145050
145052
145054
145056
145058
145060
145242
145244
145246
145248
145250
145252
145254
145256
145258
145260
145262
145264
145446
145448
145450
145452
145454
145456
145458
145460
145462
145464
145466
145468
145650
145652
145654
145656
145658
145660
145662
145664
145666
145668
145670
145672
145854
145856
145858
145860
145862
145864
145866
145868
145870
145872
145874
145876
146033
146036
146039
146042
146045
146048
146051
146054
146057
146060
146063
146066
146237
146240
146243
146246
146249
146252
146255
146258
146261
146264
146267
146270
146441
146444
146447
146450
146453
146456
146459
146462
146465
146468
146471
146474
146645
146648
146651
146654
146657
146660
146663
146666
146669
146672
146675
146678
146874
146876
146878
146880
146882
146884
146886
146888
146890
146892
146894
146896
147078
147080
147082
147084
147086
147088
147090
147092
147094
147096
147098
147100
147282
147284
147286
147288
147290
147292
147294
147296
147298
147300
147302
147304
147471
147473
147475
147477
147479
147481
147483
147484
147486
147487
147489
147490
148341
148344
148346
148349
148351
148354
148356
148358
148360
148362
148364
148366
148368
148371
148373
148376
148378
148381
148383
148384
148386
148387
148389
148390
148392
148395
148397
148400
148402
148405
148407
148408
148410
148411
148413
148414
148415
148417
148419
148421
148423
148425
148427
148429
148431
148433
148435
148437
148439
148441
148443
148445
148447
148449
148451
148453
148455
148457
148459
148461
148463
148465
148467
148469
148471
148473
148475
148477
148479
148481
148483
148485
148781
148784
148787
148790
148793
148796
148799
148802
148805
148808
148811
148814
149070
149072
149074
149076
149078
149080
149082
149084
149086
149088
149090
149092
149274
149276
149278
149280
149282
149284
149286
149288
149290
149292
149294
149296
149573
149576
149579
149582
149585
149588
149591
149594
149597
149600
149603
149606
149621
149624
149627
149630
149633
149636
149639
149642
149645
149648
149651
149654
149669
149672
149675
149678
149681
149684
149687
149690
149693
149696
149699
149702
150099
150102
150104
150107
150109
150112
150114
150116
150118
150120
150122
150124
150210
150212
150214
150216
150218
150220
150222
150224
150226
150228
150230
150232
150318
150320
150322
150324
150326
150328
150330
150332
150334
150336
150338
150340
150395
150398
150401
150404
150407
150410
150413
150416
150418
150421
150423
150426
150881
150884
150887
150890
150893
150896
150899
150902
150905
150908
150911
150914
150989
150992
150995
150998
151001
151004
151007
151010
151013
151016
151019
151022
151097
151100
151103
151106
151109
151112
151115
151118
151121
151124
151127
151130
151221
151223
151225
151227
151229
151231
151233
151234
151236
151237
151239
151240
151738
151741
151743
151746
151748
151750
151752
151754
151854
151857
151859
151862
151864
151865
151867
151868
151990
151993
151995
151998
152000
152001
152003
152004
152126
152129
152131
152134
152136
152137
152139
152140
152262
152265
152267
152270
152272
152273
152275
152276
152398
152401
152403
152406
152408
152409
152411
152412
152517
152520
152523
152526
152529
152532
152535
152538
152653
152656
152659
152662
152665
152668
152671
152674
152789
152792
152795
152798
152801
152804
152807
152810
152925
152928
152931
152934
152937
152940
152943
152946
153061
153064
153067
153070
153073
153076
153079
153082
153197
153200
153203
153206
153209
153212
153215
153218
153333
153336
153339
153342
153345
153348
153351
153354
153469
153472
153475
153478
153481
153484
153487
153490
153605
153608
153611
153614
153617
153620
153623
153626
153741
153744
153747
153750
153753
153756
153759
153762
153894
153896
153898
153900
153902
153904
153906
153908
154030
154032
154034
154036
154038
154040
154042
154044
154166
154168
154170
154172
154174
154176
154178
154180
154292
154294
154296
154298
154300
154301
154303
154304
154347
154350
154352
154354
154403
154405
154407
154409
154465
154468
154470
154472
154509
154512
154514
154516
154539
154543
154546
154549
154601
154604
154606
154608
154611
154614
154617
154620
154658
154661
154663
154665
154711
154713
154715
154717
154772
154775
154777
154779
154795
154798
154800
154802
154837
154839
154841
154843
154930
154933
154935
154937
154940
154942
154944
154946
154948
154950
154952
154954
154955
154957
154959
154961
155457
155460
155462
155464
155466
155469
155471
155472
155473
155475
155477
155479
155481
155483
155485
155486
155768
155769
155772
155774
155775
155778
155780
155781
155784
155786
155788
155790
155792
155794
155796
155888
155889
155892
155894
155895
155898
155900
155901
155904
155906
155908
155910
155996
155997
156000
156002
156003
156006
156008
156009
156012
156014
156016
156018
156104
156105
156108
156110
156111
156114
156116
156117
156120
156122
156124
156126
156212
156213
156216
156218
156219
156222
156224
156225
156228
156230
156232
156234
156320
156321
156324
156326
156327
156330
156332
156333
156336
156338
156340
156342
156440
156441
156442
156443
156444
156445
156446
156447
156448
156449
156450
156451
156548
156549
156550
156551
156552
156553
156554
156555
156556
156557
156558
156559
156656
156657
156658
156659
156660
156661
156662
156663
156664
156665
156666
156667
156764
156765
156766
156767
156768
156769
156770
156771
156772
156773
156774
156775
156872
156873
156874
156875
156876
156877
156878
156879
156880
156881
156882
156883
156980
156981
156982
156983
156984
156985
156986
156987
156988
156989
156990
156991
157076
157078
157080
157082
157084
157086
157088
157090
157092
157094
157096
157098
157184
157186
157188
157190
157192
157194
157196
157198
157200
157202
157204
157206
157292
157294
157296
157298
157300
157302
157304
157306
157308
157310
157312
157314
157400
157402
157404
157406
157408
157410
157412
157414
157416
157418
157420
157422
157520
157521
157522
157523
157524
157525
157526
157527
157528
157529
157530
157531
157628
157629
157630
157631
157632
157633
157634
157635
157636
157637
157638
157639
157736
157737
157738
157739
157740
157741
157742
157743
157744
157745
157746
157747
157826
157827
157828
157829
157830
157831
157832
157833
157834
157958
157959
157962
157964
157965
157968
157970
157971
157974
157976
157978
157980
157982
157984
157986
158048
158049
158052
158054
158055
158058
158060
158061
158064
158066
158068
158070
158156
158157
158160
158162
158163
158166
158168
158169
158172
158174
158176
158178
158264
158265
158268
158270
158271
158274
158276
158277
158280
158282
158284
158286
158372
158373
158376
158378
158379
158382
158384
158385
158388
158390
158392
158394
158480
158481
158484
158486
158487
158490
158492
158493
158496
158498
158500
158502
158600
158601
158602
158603
158604
158605
158606
158607
158608
158609
158610
158611
158708
158709
158710
158711
158712
158713
158714
158715
158716
158717
158718
158719
158816
158817
158818
158819
158820
158821
158822
158823
158824
158825
158826
158827
158924
158925
158926
158927
158928
158929
158930
158931
158932
158933
158934
158935
159032
159033
159034
159035
159036
159037
159038
159039
159040
159041
159042
159043
159140
159141
159142
159143
159144
159145
159146
159147
159148
159149
159150
159151
159236
159238
159240
159242
159244
159246
159248
159250
159252
159254
159256
159258
159344
159346
159348
159350
159352
159354
159356
159358
159360
159362
159364
159366
159452
159454
159456
159458
159460
159462
159464
159466
159468
159470
159472
159474
159560
159562
159564
159566
159568
159570
159572
159574
159576
159578
159580
159582
159680
159681
159682
159683
159684
159685
159686
159687
159688
159689
159690
159691
159788
159789
159790
159791
159792
159793
159794
159795
159796
159797
159798
159799
159896
159897
159898
159899
159900
159901
159902
159903
159904
159905
159906
159907
159986
159987
159988
159989
159990
159991
159992
159993
159994
160463
160464
160465
160466
160467
160468
160469
160470
160471
160472
160473
160474
160475
160476
160477
160478
160479
160480
160481
160482
160483
160484
160485
160486
160487
160488
160489
160490
160491
160492
160493
160494
160495
160496
160497
160498
160499
160500
160501
160502
160503
160504
160505
160506
160507
160508
160509
160510
160511
160512
160513
160514
160515
160516
160517
160518
160519
160520
160521
160522
160523
160524
160525
160526
160527
160528
160529
160530
160531
160532
160533
160534
160535
160536
160537
160688
160690
160692
160694
160696
160698
160700
160702
160704
160706
160708
160710
160844
160845
160846
160847
160848
160849
160850
160851
160852
160853
160854
160855
160952
160953
160954
160955
160956
160957
160958
160959
160960
160961
160962
160963
161120
161122
161124
161126
161128
161130
161132
161134
161136
161138
161140
161142
161144
161146
161148
161150
161152
161154
161156
161158
161160
161162
161164
161166
161168
161170
161172
161174
161176
161178
161180
161182
161184
161186
161188
161190
161396
161397
161398
161399
161400
161401
161402
161403
161404
161405
161406
161407
161408
161409
161410
161459
161460
161461
161462
161463
161464
161465
161466
161467
161468
161469
161470
161519
161520
161521
161522
161523
161524
161525
161526
161527
161528
161529
161530
161558
161560
161562
161564
161566
161568
161570
161572
161574
161804
161806
161808
161810
161812
161814
161816
161818
161820
161822
161824
161826
161864
161866
161868
161870
161872
161874
161876
161878
161880
161882
161884
161886
161924
161926
161928
161930
161932
161934
161936
161938
161940
161942
161944
161946
161984
161985
161986
161987
161988
161989
161990
161991
161992
162253
162254
162255
162256
162257
162258
162259
162260
162261
162262
162311
162312
162313
162314
162315
162316
162317
162318
162383
162384
162385
162386
162387
162388
162389
162390
162455
162456
162457
162458
162459
162460
162461
162462
162527
162528
162529
162530
162531
162532
162533
162534
162599
162600
162601
162602
162603
162604
162605
162606
162663
162665
162667
162669
162671
162673
162675
162677
162735
162737
162739
162741
162743
162745
162747
162749
162807
162809
162811
162813
162815
162817
162819
162821
162879
162881
162883
162885
162887
162889
162891
162893
162951
162953
162955
162957
162959
162961
162963
162965
163023
163025
163027
163029
163031
163033
163035
163037
163095
163097
163099
163101
163103
163105
163107
163109
163167
163169
163171
163173
163175
163177
163179
163181
163239
163241
163243
163245
163247
163249
163251
163253
163311
163313
163315
163317
163319
163321
163323
163325
163391
163392
163393
163394
163395
163396
163397
163398
163463
163464
163465
163466
163467
163468
163469
163470
163535
163536
163537
163538
163539
163540
163541
163542
163595
163596
163597
163598
163599
163600
