74
76
78
80
82
84
92
94
96
104
106
108
112
114
118
120
130
132
142
144
650
652
654
656
658
660
668
670
672
680
682
684
688
694
706
718
1226
1228
1230
1232
1234
1236
1244
1246
1248
1256
1258
1260
1264
1270
1282
1294
1802
1804
1806
1808
1810
1812
1820
1822
1824
1832
1834
1836
1840
1846
1858
1870
2378
2380
2382
2384
2386
2388
2396
2398
2400
2408
2410
2412
2416
2422
2434
2446
2954
2956
2958
2960
2962
2964
2972
2974
2976
2984
2986
2988
2992
2998
3010
3022
3459
3461
3465
3467
3477
3479
3489
3491
3495
3497
3501
3503
3513
3515
3525
3527
4035
4037
4041
4043
4053
4055
4065
4067
4071
4073
4077
4079
4089
4091
4101
4103
4611
4613
4617
4619
4629
4631
4641
4643
4647
4649
4653
4655
4665
4667
4677
4679
5187
5189
5193
5195
5205
5207
5217
5219
5223
5225
5229
5231
5241
5243
5253
5255
5763
5765
5769
5771
5781
5783
5793
5795
5799
5801
5805
5807
5817
5819
5829
5831
6339
6341
6345
6347
6357
6359
6369
6371
6375
6377
6381
6383
6393
6395
6405
6407
6988
6990
6994
6996
7006
7008
7018
7020
7024
7026
7030
7032
7042
7044
7054
7056
7564
7566
7570
7572
7582
7584
7594
7596
7600
7602
7606
7608
7618
7620
7630
7632
8140
8142
8146
8148
8158
8160
8170
8172
8176
8178
8182
8184
8194
8196
8206
8208
8716
8718
8722
8724
8734
8736
8746
8748
8752
8754
8758
8760
8770
8772
8782
8784
9219
9221
9225
9227
9237
9239
9249
9251
9255
9257
9261
9263
9273
9275
9285
9287
9795
9797
9801
9803
9813
9815
9825
9827
9831
9833
9837
9839
9849
9851
9861
9863
10371
10373
10377
10379
10389
10391
10401
10403
10407
10409
10413
10415
10425
10427
10437
10439
10947
10949
10953
10955
10965
10967
10977
10979
10983
10989
11001
11013
34609
34611
34613
34615
34617
34619
34635
34637
34641
34643
34945
34947
34949
34951
34953
34955
34971
34977
35329
35331
35333
35335
35337
35339
35355
35361
35713
35715
35717
35719
35721
35723
35739
35745
36097
36099
36101
36103
36105
36107
36123
36129
36481
36483
36485
36487
36489
36491
36507
36513
36916
36918
36922
36924
36940
36942
36946
36948
37300
37302
37306
37308
37324
37326
37330
37332
37684
37686
37690
37692
37708
37710
37714
37716
38068
38070
38074
38076
38092
38094
38098
38100
38452
38454
38458
38460
38476
38478
38482
38484
38836
38838
38842
38844
38860
38862
38866
38868
39220
39222
39226
39228
39244
39246
39250
39252
39604
39606
39610
39612
39628
39630
39634
39636
39988
39990
39994
39996
40012
40014
40018
40020
40372
40374
40378
40380
40396
40398
40402
40404
40707
40709
40713
40715
40731
40733
40737
40739
41091
41093
41097
41099
41115
41117
41121
41123
41475
41477
41481
41483
41499
41501
41505
41507
41859
41861
41865
41867
41883
41889
43321
43323
43325
43327
43329
43331
43339
43341
43343
43351
43353
43355
43363
43365
43367
43383
43385
43389
43391
43401
43403
43413
43415
43425
43427
43927
43929
43931
43939
43941
43943
43951
43953
43955
43963
43965
43967
43975
43977
43979
43989
43991
44001
44003
44013
44015
44025
44027
44037
44039
47048
47050
47052
47060
47062
47064
47072
47074
47076
47084
47086
47088
47096
47098
47100
47110
47112
47122
47124
47134
47136
47146
47148
47158
47160
48122
48124
48126
48128
48130
48132
48140
48142
48144
48152
48154
48156
48164
48166
48168
48184
48186
48190
48192
48202
48204
48214
48216
48226
48228
52082
52084
52086
52088
52090
52092
52100
52102
52104
52112
52114
52116
52124
52126
52128
52144
52146
52150
52152
52162
52164
52174
52176
52186
52188
52201
52203
52205
52207
52209
52211
52219
52221
52223
52231
52233
52235
52243
52245
52247
52263
52265
52269
52271
52281
52283
52293
52295
52305
52307
52445
52447
52449
52451
52459
52463
52471
52475
52483
52487
52505
52507
52519
52531
52543
53285
53287
53289
53291
53299
53303
53311
53315
53323
53327
53345
53347
53359
53371
53383
54007
54011
54019
54023
54031
54035
54043
54047
54055
54059
54067
54071
54079
54083
54091
54095
54103
54107
54115
54119
54481
54483
54485
54487
54489
54491
54495
54499
54503
54507
54511
54515
54519
54523
54527
54545
54547
54559
54571
54583
54966
54968
54970
54972
54980
54984
54992
54996
55004
55008
55026
55028
55030
55032
55040
55044
55052
55056
55064
55068
55328
55332
55340
55344
55352
55356
55364
55368
55376
55380
55388
55400
55412
55424
55436
56166
56168
56170
56172
56180
56184
56192
56196
56204
56208
56226
56228
56240
56252
56264
57006
57008
57010
57012
57020
57024
57032
57036
57044
57048
57066
57068
57080
57092
57104
60724
60728
60732
60736
60740
60744
60748
60752
60756
60760
60764
60768
60772
60776
60780
60788
60792
60800
60804
60812
60816
60824
60828
60836
60840
60847
60851
60859
60863
60871
60875
60883
60887
60895
60899
60907
60911
60919
60923
60931
60935
60943
60947
60955
60959
60967
60971
60979
60983
60991
60995
61003
61007
61015
61019
61027
61031
61039
61043
61051
61055
61063
61067
61075
61079
61088
61092
61100
61104
61112
61116
61124
61128
61136
61140
61148
61152
61160
61164
61172
61176
61184
61188
61196
61200
61208
61212
61220
61224
61232
61236
61244
61248
61256
61260
61268
61280
61292
61304
61316
61327
61331
61339
61343
61351
61355
61363
61367
61375
61379
61387
61399
61411
61423
61435
63314
63316
63318
63328
63330
63337
63339
63341
63351
63353
63368
63370
63372
63382
63384
63391
63393
63395
63405
63407
63409
63411
63413
63423
63425
63434
63436
63438
63448
63450
64948
64952
64956
64964
64968
64975
64979
64987
64991
64994
64998
65002
65010
65014
65021
65025
65033
65037
65047
65051
65059
65063
65072
65076
65084
65088
65096
65100
65108
65119
65123
65131
65144
65148
65156
65167
65171
65179
65190
65194
65202
65213
65217
65225
65238
65242
65250
65261
65265
65273
78385
78387
78389
78391
78393
78395
78397
78399
78401
78405
78407
78411
78413
78417
78419
78427
78429
78431
78433
78435
78437
78447
78449
78453
78455
78460
78462
78466
78468
78472
78474
78478
78480
78484
78486
78490
78492
78502
78504
78508
78510
78520
78522
78526
78528
78529
78531
78533
78535
78537
78539
78541
78543
78545
78549
78555
78561
78571
78573
78575
78577
78579
78581
78591
78597
78602
78604
78606
78608
78610
78612
78614
78616
78618
78622
78628
78634
78644
78646
78648
78650
78652
78654
78664
78670
78673
78675
78677
78679
78681
78683
78685
78687
78689
78693
78695
78699
78701
78705
78707
78715
78717
78719
78735
78737
78746
78748
78750
78752
78754
78756
78758
78760
78762
78766
78768
78772
78774
78778
78780
78788
78790
78792
78808
78810
78824
78826
78828
78830
78832
78834
78842
78844
78846
78862
78864
78868
78870
78880
78882
78895
78897
78899
78901
78903
78905
78913
78915
78917
78933
78935
78939
78941
78951
78953
78967
78969
78973
78975
78985
78987
79004
79006
79010
79012
79022
79024
79039
79041
79045
79047
79057
79059
79076
79078
79082
79084
79094
79096
79108
79110
79114
79116
79126
79132
79143
79145
79149
79151
79161
79167
79180
79182
79186
79188
79198
79204
79215
79217
79221
79223
79233
79239
79251
79253
79257
79259
79269
79271
79275
79277
79288
79290
79294
79296
79306
79308
79312
79314
79323
79325
79329
79331
79341
79343
79347
79349
79360
79362
79366
79368
79378
79380
79384
79386
79395
79397
79401
79403
79413
79415
79419
79421
79432
79434
79438
79440
79450
79452
79456
79458
79467
79469
79473
79475
79485
79487
79491
79493
79510
79512
79528
79530
79545
79547
79551
79553
79563
79569
79582
79584
79588
79590
79600
79606
79617
79619
79623
79625
79635
79641
79654
79656
79660
79662
79672
79678
79689
79691
79695
79697
79707
79713
79726
79728
79732
79734
79744
79750
79761
79763
79767
79769
79779
79785
79798
79800
79816
79831
79833
79837
79839
79849
79851
79868
79870
79874
79876
79886
79888
79903
79905
79909
79911
79921
79923
79940
79942
79946
79948
79958
79960
79977
79979
79983
79985
79995
80001
80014
80016
80020
80022
80032
80038
80049
80051
80055
80057
80067
80073
80086
80088
80092
80094
80104
80110
80115
80117
80121
80123
80133
80139
80152
80154
80158
80160
80170
80176
80187
80189
80193
80195
80205
80211
80230
80232
80248
93554
93556
93558
93560
93562
93564
93566
93568
93570
93578
93580
93582
93584
93586
93588
93590
93592
93594
93604
93606
93610
93612
93616
93618
93628
93630
93634
93636
93640
93642
93649
93650
93651
93652
93653
93654
93655
93656
93657
93658
93659
93660
93661
93662
93663
93664
93665
93666
93699
93700
93705
93706
93711
93712
93746
93748
93750
93752
93754
93756
93758
93760
93762
93770
93772
93774
93776
93778
93780
93782
93784
93786
93796
93798
93802
93804
93808
93810
93820
93822
93826
93828
93832
93834
93843
93844
93845
93846
93849
93850
93851
93852
93855
93856
93857
93858
93891
93892
93893
93894
93897
93898
93899
93900
93903
93904
93905
93906
93938
93940
93942
93944
93946
93948
93950
93952
93954
93962
93964
93966
93968
93970
93972
93974
93976
93978
93988
93994
94000
94012
94018
94024
94033
94034
94035
94036
94037
94038
94039
94040
94041
94042
94043
94044
94045
94046
94047
94048
94049
94050
94083
94084
94089
94090
94095
94096
94132
94134
94138
94140
94144
94146
94156
94158
94162
94164
94168
94170
94180
94182
94186
94188
94192
94194
94204
94206
94210
94212
94216
94218
94227
94228
94229
94230
94233
94234
94235
94236
94239
94240
94241
94242
94275
94276
94277
94278
94281
94282
94283
94284
94287
94288
94289
94290
94322
94324
94326
94328
94330
94332
94334
94336
94338
94346
94348
94350
94352
94354
94356
94358
94360
94362
94372
94378
94384
94396
94402
94408
94417
94418
94419
94420
94421
94422
94423
94424
94425
94426
94427
94428
94429
94430
94431
94432
94433
94434
94467
94468
94473
94474
94479
94480
94514
94516
94518
94520
94522
94524
94526
94528
94530
94538
94540
94542
94544
94546
94548
94550
94552
94554
94564
94570
94576
94588
94594
94600
94609
94610
94611
94612
94613
94614
94615
94616
94617
94618
94619
94620
94621
94622
94623
94624
94625
94626
94659
94660
94665
94666
94671
94672
94708
94710
94714
94716
94720
94722
94732
94734
94738
94740
94744
94746
94756
94758
94762
94764
94768
94770
94780
94782
94786
94788
94792
94794
94803
94804
94805
94806
94809
94810
94811
94812
94815
94816
94817
94818
94851
94852
94853
94854
94857
94858
94859
94860
94863
94864
94865
94866
94898
94900
94902
94904
94906
94908
94910
94912
94914
94922
94924
94926
94928
94930
94932
94934
94936
94938
94948
94954
94960
94972
94978
94984
94993
94994
94995
94996
94997
94998
94999
95000
95001
95002
95003
95004
95005
95006
95007
95008
95009
95010
95043
95044
95049
95050
95055
95056
95090
95092
95094
95096
95098
95100
95102
95104
95106
95114
95116
95118
95120
95122
95124
95126
95128
95130
95140
95146
95152
95164
95170
95176
95185
95186
95187
95188
95189
95190
95191
95192
95193
95194
95195
95196
95197
95198
95199
95200
95201
95202
95235
95236
95241
95242
95247
95248
95284
95286
95290
95292
95296
95298
95308
95310
95314
95316
95320
95322
95332
95338
95344
95356
95362
95368
95379
95380
95381
95382
95385
95386
95387
95388
95391
95392
95393
95394
95427
95428
95433
95434
95439
95440
95473
95474
95475
95476
95477
95478
95479
95480
95481
95482
95483
95484
95499
95500
95501
95502
95505
95506
95507
95508
95522
95524
95526
95528
95530
95532
95534
95536
95538
95540
95542
95544
95548
95550
95554
95556
95560
95562
95566
95568
95570
95572
95574
95576
95578
95580
95582
95584
95586
95588
95590
95592
95596
95598
95602
95604
95608
95610
95614
95616
95617
95618
95619
95620
95621
95622
95623
95624
95625
95626
95627
95628
95643
95644
95645
95646
95649
95650
95651
95652
95666
95668
95670
95672
95674
95676
95678
95680
95682
95684
95686
95688
95692
95694
95698
95700
95704
95706
95710
95712
95713
95714
95715
95716
95717
95718
95719
95720
95721
95722
95723
95724
95739
95740
95741
95742
95745
95746
95747
95748
95762
95764
95766
95768
95770
95772
95774
95776
95778
95780
95782
95784
95788
95790
95794
95796
95800
95802
95806
95808
95809
95810
95811
95812
95813
95814
95815
95816
95817
95818
95819
95820
95835
95836
95837
95838
95841
95842
95843
95844
95863
95864
95865
95866
95867
95868
95875
95876
95877
95878
95879
95880
95887
95888
95889
95890
95891
95892
95899
95900
95901
95902
95903
95904
95911
95912
95913
95914
95915
95916
95985
95986
95987
95988
95997
95998
95999
96000
96009
96010
96011
96012
96021
96022
96023
96024
96033
96034
96035
96036
96104
96106
96108
96116
96118
96120
96128
96130
96132
96140
96142
96144
96152
96154
96156
96164
96166
96168
96176
96178
96180
96188
96190
96192
96200
96202
96204
96212
96214
96216
96226
96228
96238
96240
96250
96252
96262
96264
96274
96276
96286
96288
96298
96300
96310
96312
96322
96324
96334
96336
96344
96346
96348
96356
96358
96360
96368
96370
96372
96380
96382
96384
96392
96394
96396
96404
96406
96408
96416
96418
96420
96428
96430
96432
96440
96442
96444
96452
96454
96456
96466
96468
96478
96480
96490
96492
96502
96504
96514
96516
96526
96528
96538
96540
96550
96552
96562
96564
96574
96576
96583
96584
96585
96586
96587
96588
96595
96596
96597
96598
96599
96600
96607
96608
96609
96610
96611
96612
96619
96620
96621
96622
96623
96624
96631
96632
96633
96634
96635
96636
96705
96706
96707
96708
96717
96718
96719
96720
96729
96730
96731
96732
96741
96742
96743
96744
96753
96754
96755
96756
96818
96820
96822
96824
96826
96828
96836
96838
96840
96848
96850
96852
96860
96862
96864
96878
96880
96882
96884
96886
96888
96896
96898
96900
96908
96910
96912
96920
96922
96924
96940
96942
96946
96948
96958
96960
96970
96972
96982
96984
97000
97002
97006
97008
97018
97020
97030
97032
97042
97044
97057
97058
97059
97060
97061
97062
97063
97064
97065
97066
97067
97068
97075
97076
97077
97078
97079
97080
97087
97088
97089
97090
97091
97092
97099
97100
97101
97102
97103
97104
97179
97180
97181
97182
97185
97186
97187
97188
97197
97198
97199
97200
97209
97210
97211
97212
97221
97222
97223
97224
97298
97300
97302
97304
97306
97308
97316
97318
97320
97328
97330
97332
97340
97342
97344
97358
97360
97362
97364
97366
97368
97376
97378
97380
97388
97390
97392
97400
97402
97404
97420
97422
97426
97428
97438
97440
97450
97452
97462
97464
97480
97482
97486
97488
97498
97500
97510
97512
97522
97524
97537
97538
97539
97540
97541
97542
97543
97544
97545
97546
97547
97548
97555
97556
97557
97558
97559
97560
97567
97568
97569
97570
97571
97572
97579
97580
97581
97582
97583
97584
97659
97660
97661
97662
97665
97666
97667
97668
97677
97678
97679
97680
97689
97690
97691
97692
97701
97702
97703
97704
97778
97780
97782
97784
97786
97788
97802
97804
97806
97808
97810
97812
97828
97830
97834
97836
97852
97854
97858
97860
97873
97874
97875
97876
97877
97878
97879
97880
97881
97882
97883
97884
97923
97924
97929
97930
97970
97972
97974
97976
97978
97980
97994
97996
97998
98000
98002
98004
98020
98026
98028
98044
98050
98052
98067
98068
98069
98070
98073
98074
98075
98076
98115
98116
98121
98122
98123
98124
98164
98166
98168
98170
98172
98188
98190
98192
98194
98196
98212
98218
98236
98242
98259
98260
98261
98262
98263
98264
98265
98266
98267
98268
98307
98308
98313
98314
98362
98364
98386
98388
98410
98412
98434
98436
98457
98458
98459
98460
98505
98506
98507
98508
98552
98554
98556
98576
98578
98580
98602
98626
98647
98648
98649
98650
98651
98652
98697
98698
98740
98742
98744
98746
98748
98764
98766
98768
98770
98772
98788
98794
98812
98818
98835
98836
98837
98838
98839
98840
98841
98842
98843
98844
98883
98884
98889
98890
98932
98934
98938
98940
98956
98958
98962
98964
98980
98986
98988
99004
99010
99012
99027
99028
99029
99030
99033
99034
99035
99036
99075
99076
99081
99082
99083
99084
99128
99130
99132
99152
99154
99156
99178
99202
99223
99224
99225
99226
99227
99228
99273
99274
99316
99318
99320
99322
99324
99340
99342
99344
99346
99348
99364
99370
99388
99394
99411
99412
99413
99414
99415
99416
99417
99418
99419
99420
99459
99460
99465
99466
99514
99516
99538
99540
99562
99586
99609
99610
99611
99612
99657
99658
99697
99698
99699
99700
99701
99702
99703
99704
99705
99706
99707
99708
99725
99726
99727
99728
99729
99730
99731
99732
99746
99748
99750
99752
99754
99756
99758
99760
99762
99764
99766
99768
99774
99776
99786
99788
99794
99796
99798
99800
99802
99804
99806
99808
99810
99812
99814
99816
99822
99824
99834
99836
99845
99846
99847
99848
99849
99850
99851
99852
99869
99870
99871
99872
99894
99896
99898
99900
99906
99908
99910
99912
99918
99920
99930
99932
99941
99942
99943
99944
99945
99946
99947
99948
99965
99966
99967
99968
99989
99990
99991
99992
99993
99994
99995
99996
100013
100014
100015
100016
100038
100040
100042
100044
100050
100052
100054
100056
100062
100064
100074
100076
100085
100086
100087
100088
100089
100090
100091
100092
100109
100110
100111
100112
100134
100136
100138
100140
100146
100148
100150
100152
100158
100160
100170
100172
100182
100184
100186
100188
100194
100196
100198
100200
100206
100208
100218
100220
100229
100230
100231
100232
100233
100234
100235
100236
100253
100254
100255
100256
100275
100276
100279
100280
100283
100284
100287
100288
100291
100292
100295
100296
100299
100300
100303
100304
100307
100308
100311
100312
100315
100316
100319
100320
100399
100400
100403
100404
100411
100412
100415
100416
100423
100424
100427
100428
100435
100436
100439
100440
100516
100520
100524
100528
100532
100536
100540
100544
100548
100552
100556
100560
100576
100580
100584
100588
100592
100596
100600
100604
100608
100612
100616
100620
100628
100640
100652
100664
100688
100700
100712
100724
100744
100748
100752
100756
100760
100764
100768
100772
100776
100780
100784
100788
100804
100808
100812
100816
100820
100824
100828
100832
100836
100840
100844
100848
100868
100880
100892
100904
100928
100940
100952
100964
100987
100988
100991
100992
100999
101000
101003
101004
101011
101012
101015
101016
101023
101024
101027
101028
101107
101108
101119
101120
101131
101132
101143
101144
101228
101232
101240
101244
101252
101256
101264
101268
101288
101292
101300
101304
101312
101316
101324
101328
101348
101360
101372
101384
101408
101420
101432
101444
101455
101456
101459
101460
101467
101468
101471
101472
101479
101480
101483
101484
101491
101492
101495
101496
101575
101576
101587
101588
101599
101600
101611
101612
101695
101696
101699
101700
101707
101708
101711
101712
101719
101720
101723
101724
101731
101732
101735
101736
101815
101816
101827
101828
101839
101840
101851
101852
101924
101928
101936
101940
101948
101952
101960
101964
101984
101988
101996
102000
102008
102012
102020
102024
102044
102056
102068
102080
102104
102116
102128
102140
102152
102156
102164
102168
102176
102180
102188
102192
102212
102216
102224
102228
102236
102240
102248
102252
102272
102284
102296
102308
102332
102344
102356
102368
102391
102392
102395
102396
102403
102404
102407
102408
102415
102416
102419
102420
102427
102428
102431
102432
102511
102512
102523
102524
102535
102536
102547
102548
102632
102636
102644
102648
102656
102660
102668
102672
102692
102696
102704
102708
102716
102720
102728
102732
102752
102764
102776
102788
102812
102824
102836
102848
102871
102872
102875
102876
102883
102884
102887
102888
102895
102896
102899
102900
102907
102908
102911
102912
102991
102992
103003
103004
103015
103016
103027
103028
103105
103106
103107
103108
103109
103110
103111
103112
103113
103114
103115
103116
103117
103118
103119
103120
103121
103122
103143
103144
103145
103146
103149
103150
103151
103152
103155
103156
103157
103158
103178
103180
103182
103184
103186
103188
103190
103192
103194
103196
103198
103200
103202
103204
103206
103208
103210
103212
103216
103218
103222
103224
103228
103230
103234
103236
103240
103242
103246
103248
103255
103256
103257
103258
103259
103260
103261
103262
103263
103264
103265
103266
103293
103294
103295
103296
103299
103300
103301
103302
103328
103330
103332
103334
103336
103338
103346
103348
103350
103352
103354
103356
103366
103368
103372
103374
103384
103386
103390
103392
103399
103400
103401
103402
103403
103404
103405
103406
103407
103408
103409
103410
103437
103438
103439
103440
103443
103444
103445
103446
103472
103474
103476
103478
103480
103482
103490
103492
103494
103496
103498
103500
103510
103512
103516
103518
103528
103530
103534
103536
103543
103544
103545
103546
103547
103548
103549
103550
103551
103552
103553
103554
103581
103582
103583
103584
103587
103588
103589
103590
103616
103618
103620
103634
103636
103638
103654
103656
103672
103674
103687
103688
103689
103690
103691
103692
103693
103694
103695
103696
103697
103698
103725
103726
103731
103732
103760
103762
103764
103766
103768
103770
103778
103780
103782
103784
103786
103788
103798
103804
103816
103822
103831
103832
103833
103834
103835
103836
103837
103838
103839
103840
103841
103842
103869
103870
103875
103876
103904
103906
103908
103910
103912
103914
103922
103924
103926
103928
103930
103932
103942
103948
103960
103966
103969
103970
103971
103972
103975
103976
103977
103978
103981
103982
103983
103984
104011
104012
104013
104014
104042
104044
104048
104050
104054
104056
104060
104062
104066
104068
104072
104074
104084
104086
104102
104104
104113
104114
104115
104116
104119
104120
104121
104122
104125
104126
104127
104128
104155
104156
104157
104158
104186
104188
104192
104194
104198
104200
104204
104206
104210
104212
104216
104218
104228
104230
104246
104248
104264
104266
104268
104270
104272
104274
104282
104284
104286
104288
104290
104292
104302
104308
104320
104326
104335
104336
104337
104338
104339
104340
104341
104342
104343
104344
104345
104346
104373
104374
104379
104380
104408
104410
104412
104414
104416
104418
104426
104428
104430
104432
104434
104436
104446
104452
104464
104470
104479
104480
104481
104482
104483
104484
104485
104486
104487
104488
104489
104490
104517
104518
104523
104524
104551
104552
104553
104554
104555
104556
104557
104558
104559
104560
104561
104562
104589
104590
104595
104596
104624
104626
104628
104630
104632
104634
104642
104644
104646
104648
104650
104652
104662
104668
104680
104686
104695
104696
104697
104698
104699
104700
104701
104702
104703
104704
104705
104706
104733
104734
104739
104740
104768
104770
104772
104786
104788
104790
104806
104824
104833
104834
104835
104836
104839
104840
104841
104842
104845
104846
104847
104848
104875
104876
104877
104878
104906
104908
104912
104914
104918
104920
104924
104926
104930
104932
104936
104938
104948
104950
104966
104968
104979
104980
104983
104984
104985
104986
104989
104990
104991
104992
105019
105020
105021
105022
105052
105056
105058
105062
105064
105070
105074
105076
105080
105082
105092
105094
105110
105112
105123
105124
105125
105126
105129
105130
105131
105132
105159
105160
105165
105166
105196
105198
105202
105204
105214
105216
105220
105222
105232
105238
105250
105256
105267
105268
105269
105270
105273
105274
105275
105276
105303
105304
105309
105310
105340
105342
105346
105348
105358
105360
105364
105366
105376
105382
105394
105400
105417
105418
105419
105420
105423
105424
105425
105426
105453
105454
105459
105460
105490
105492
105496
105498
105508
105510
105514
105516
105526
105532
105544
105550
105561
105562
105563
105564
105567
105568
105569
105570
105597
105598
105603
105604
105634
105636
105640
105642
105652
105654
105658
105660
105670
105676
105688
105694
105705
105706
105707
105708
105711
105712
105713
105714
105741
105742
105747
105748
105778
105780
105784
105786
105796
105798
105802
105804
105814
105820
105832
105838
105849
105850
105851
105852
105855
105856
105857
105858
105885
105886
105891
105892
105922
105924
105940
105942
105958
105976
105993
105994
105995
105996
105999
106000
106001
106002
106029
106030
106035
106036
106066
106068
106072
106074
106084
106086
106090
106092
106102
106108
106120
106126
106137
106138
106139
106140
106143
106144
106145
106146
106173
106174
106179
106180
106210
106212
106216
106218
106228
106230
106234
106236
106246
106252
106264
106270
106281
106282
106283
106284
106287
106288
106289
106290
106317
106318
106319
106320
106354
106356
106360
106362
106372
106374
106378
106380
106390
106392
106408
106410
106425
106426
106427
106428
106431
106432
106433
106434
106461
106462
106463
106464
106498
106500
106504
106506
106516
106518
106522
106524
106534
106536
106552
106554
106563
106564
106565
106566
106569
106570
106571
106572
106599
106600
106605
106606
106636
106638
106642
106644
106654
106656
106660
106662
106672
106678
106690
106696
106707
106708
106709
106710
106713
106714
106715
106716
106743
106744
106749
106750
106786
106788
106804
106806
106822
106840
139413
139416
139418
139421
139423
139426
139428
139430
139432
139434
139436
139438
139638
139641
139643
139646
139648
139651
139653
139654
139656
139657
139659
139660
139842
139845
139847
139850
139852
139855
139857
139858
139860
139861
139863
139864
140046
140049
140051
140054
140056
140059
140061
140062
140064
140065
140067
140068
140250
140253
140255
140258
140260
140263
140265
140266
140268
140269
140271
140272
140454
140457
140459
140462
140464
140467
140469
140470
140472
140473
140475
140476
140621
140624
140627
140630
140633
140636
140639
140642
140645
140648
140651
140654
140825
140828
140831
140834
140837
140840
140843
140846
140849
140852
140855
140858
141029
141032
141035
141038
141041
141044
141047
141050
141053
141056
141059
141062
141233
141236
141239
141242
141245
141248
141251
141254
141257
141260
141263
141266
141437
141440
141443
141446
141449
141452
141455
141458
141461
141464
141467
141470
141641
141644
141647
141650
141653
141656
141659
141662
141665
141668
141671
141674
141882
141884
141886
141888
141890
141892
141894
141896
141898
141900
141902
141904
142086
142088
142090
142092
142094
142096
142098
142100
142102
142104
142106
142108
142290
142292
142294
142296
142298
142300
142302
142304
142306
142308
142310
142312
142494
142496
142498
142500
142502
142504
142506
142508
142510
142512
142514
142516
142661
142664
142667
142670
142673
142676
142679
142682
142685
142688
142691
142694
142865
142868
142871
142874
142877
142880
142883
142886
142889
142892
142895
142898
143069
143072
143075
143078
143081
143084
143087
143090
143093
143096
143099
143102
143273
143276
143279
143282
143285
143288
143291
143294
143296
143299
143301
143304
151639
151643
151646
151650
151653
151656
151659
151662
151765
151769
151772
151776
151779
151782
151784
151787
151901
151905
151908
151912
151915
151918
151920
151923
152037
152041
152044
152048
152051
152054
152056
152059
152173
152177
152180
152184
152187
152190
152192
152195
152309
152313
152316
152320
152323
152326
152328
152331
152470
152472
152474
152476
152478
152480
152482
152484
152606
152608
152610
152612
152614
152616
152618
152620
152742
152744
152746
152748
152750
152752
152754
152756
152878
152880
152882
152884
152886
152888
152890
152892
153014
153016
153018
153020
153022
153024
153026
153028
153150
153152
153154
153156
153158
153160
153162
153164
153286
153288
153290
153292
153294
153296
153298
153300
153422
153424
153426
153428
153430
153432
153434
153436
153558
153560
153562
153564
153566
153568
153570
153572
153694
153696
153698
153700
153702
153704
153706
153708
153805
153808
153811
153814
153817
153820
153823
153826
153941
153944
153947
153950
153953
153956
153959
153962
154077
154080
154083
154086
154089
154092
154095
154098
154213
154216
154219
154222
154225
154228
154230
154233
154424
154427
154429
154431
154475
154479
154482
154485
154719
154723
154726
154729
154817
154820
154822
154824
155122
155125
155127
155129
155130
155133
155135
155137
155147
155149
155151
155152
155193
155196
155199
155201
155229
155232
155235
155238
155264
155267
155270
155272
155291
155294
155297
155300
155315
155317
155319
155320
155359
155362
155365
155368
155404
155406
155408
155410
155647
155650
155652
155654
155655
155657
155659
155661
155663
155665
155667
155669
155672
155674
155676
155678
155680
155682
155684
155685
155686
155688
155690
155692
155723
155724
155725
155726
155727
155728
155729
155730
155731
155732
155733
155734
155735
155736
155737
155852
155853
155854
155855
155856
155857
155858
155859
155860
155861
155862
155863
155960
155961
155962
155963
155964
155965
155966
155967
155968
155969
155970
155971
156068
156069
156070
156071
156072
156073
156074
156075
156076
156077
156078
156079
156176
156177
156178
156179
156180
156181
156182
156183
156184
156185
156186
156187
156284
156285
156286
156287
156288
156289
156290
156291
156292
156293
156294
156295
156368
156370
156372
156374
156376
156378
156380
156382
156384
156386
156388
156390
156476
156478
156480
156482
156484
156486
156488
156490
156492
156494
156496
156498
156584
156586
156588
156590
156592
156594
156596
156598
156600
156602
156604
156606
156692
156694
156696
156698
156700
156702
156704
156706
156708
156710
156712
156714
156800
156802
156804
156806
156808
156810
156812
156814
156816
156818
156820
156822
156908
156910
156912
156914
156916
156918
156920
156922
156924
156926
156928
156930
157040
157041
157042
157043
157044
157045
157046
157047
157048
157049
157050
157051
157148
157149
157150
157151
157152
157153
157154
157155
157156
157157
157158
157159
157256
157257
157258
157259
157260
157261
157262
157263
157264
157265
157266
157267
157364
157365
157366
157367
157368
157369
157370
157371
157372
157373
157374
157375
157448
157450
157452
157454
157456
157458
157460
157462
157464
157466
157468
157470
157556
157558
157560
157562
157564
157566
157568
157570
157572
157574
157576
157578
157664
157666
157668
157670
157672
157674
157676
157678
157680
157682
157684
157686
157772
157774
157776
157778
157780
157782
157784
157786
157788
162193
162194
162197
162199
162200
162203
162205
162207
162209
162211
162263
162264
162267
162269
162270
162273
162275
162277
162335
162336
162339
162341
162342
162345
162347
162349
162407
162408
162411
162413
162414
162417
162419
162421
162479
162480
162483
162485
162486
162489
162491
162493
162551
162552
162555
162557
162558
162561
162563
162565
162639
162640
162641
162642
162643
162644
162645
162646
162711
162712
162713
162714
162715
162716
162717
162718
162783
162784
162785
162786
162787
162788
162789
162790
162855
162856
162857
162858
162859
162860
162861
162862
162927
162928
162929
162930
162931
162932
162933
162934
162999
163000
163001
163002
163003
163004
163005
163006
163071
163072
163073
163074
163075
163076
163077
163078
163143
163144
163145
163146
163147
163148
163149
163150
163215
163216
163217
163218
163219
163220
163221
163222
163287
163288
163289
163290
163291
163292
163293
163294
163343
163345
163347
163349
163351
163353
163355
163357
163415
163417
163419
163421
163423
163425
163427
163429
163487
163489
163491
163493
163495
163497
163499
163501
163559
163561
163563
163565
163567
163569
164348
164349
164350
164351
164356
164357
164358
164361
164362
164363
164366
164367
164369
164370
164371
164374
164375
164377
164378
164379
164382
164383
164385
164386
164387
164388
164389
164390
164393
164394
164395
164398
164399
164401
164402
164404
164405
164407
164408
164410
164411
164413
164414
164416
164417
164733
164734
164735
164741
164742
164746
164747
164748
164754
164755
164759
164760
164761
164767
164768
164772
164773
164774
164780
164781
164785
164786
164787
164793
164794
164798
164799
164803
164804
164808
164809
164813
164814
164818
164819
164823
164824
164828
164829
164833
164834
164838
164839
164843
164844
166671
166672
166673
166678
166679
166684
166685
166686
166691
166692
166697
166698
166699
166704
166705
166710
166711
166712
166717
166718
166723
166724
166725
166730
166731
166735
166736
166740
166741
166745
166746
166750
166751
166755
166756
166760
166761
166765
166766
166770
166771
166775
166776
166780
166781
167453
167454
167455
167456
167461
167462
167463
167466
167467
167468
167471
167472
167474
167475
167476
167479
167480
167482
167483
167484
167487
167488
167490
167491
167492
167493
167494
167495
167498
167499
167500
167503
167504
167506
167507
167509
167510
167512
167513
167515
167516
167518
167519
167521
167522
169843
169844
169845
169846
169851
169852
169853
169856
169857
169858
169861
169862
169864
169865
169866
169869
169870
169872
169873
169874
169877
169878
169880
169881
169882
169883
169884
169885
169888
169889
169890
169893
169894
169896
169897
169899
169900
169902
169903
169905
169906
169908
169909
169911
169912
169913
169914
169915
169916
169921
169922
169923
169926
169927
169928
169931
169932
169934
169935
169936
169939
169940
169942
169943
169944
169947
169948
169950
169951
169952
169953
169954
169955
169958
169959
169960
169963
169964
169966
169967
169969
169970
169972
169973
169975
169976
169978
169979
169981
169982
170033
170034
170035
170038
170039
170040
170043
170044
170046
170047
170049
170050
170052
170053
170055
170056
170058
170059
170061
170062
170063
170064
170065
170068
170069
170070
170071
170073
170074
170075
170077
170078
170079
170081
170082
170348
170349
170350
170356
170357
170358
170364
170365
170369
170370
170374
170375
170379
170380
170384
170385
170389
170390
170394
170396
170398
170399
170400
170406
170407
170410
170411
170415
170417
170418
170422
170424
170425
170429
170431
170613
170614
170618
170619
170623
170624
170628
170629
170633
170634
170638
170639
170643
170644
170648
170649
170653
170654
170658
170659
170663
170664
170668
170669
170673
170674
170678
170679
170683
170684
170688
170689
170693
170694
170698
170699
170703
170704
170708
170709
170853
170854
170855
170856
170865
170866
170867
170873
170874
170875
170881
170882
170886
170887
170888
170894
170895
170899
170900
170901
170907
170908
170912
170913
170916
170918
170919
170920
170926
170927
170930
170931
170935
170937
170938
170942
170944
170945
170949
170951
171076
171077
171078
171084
171085
171086
171091
171092
171096
171097
171101
171102
171106
171107
171111
171112
171116
171117
171120
171122
171126
171127
171128
171134
171135
171136
171141
171142
171146
171147
171151
171152
171156
171157
171161
171162
171166
171167
171170
171172
171243
171244
171246
171247
171249
171250
171252
171253
171255
171256
171258
171259
171261
171262
171264
171265
171267
171268
171270
171271
171273
171274
171276
171277
171278
171280
171281
171282
171284
171285
171286
171288
171289
171290
171292
171561
171562
171563
171569
171570
171571
171576
171577
171581
171582
171586
171587
171591
171592
171596
171597
171601
171602
171605
171607
171611
171612
171613
171618
171619
171622
171623
171626
171629
171630
171633
171636
171637
171640
171642
171873
171874
171875
171878
171879
171880
171883
171884
171886
171887
171889
171890
171892
171893
171895
171896
171898
171899
171901
171902
171903
171904
171905
171908
171909
171910
171911
171913
171914
171915
171917
171918
171919
171921
171922
173663
173664
173665
173668
173669
173671
173672
173673
173676
173677
173679
173680
173681
173684
173685
173687
173688
173689
173692
173693
173695
173696
173697
173700
173701
173703
173704
173706
173707
173709
173710
173712
173713
173715
173716
173718
173719
173721
173722
173724
173725
173727
173728
173730
173731
173733
173734
173736
173737
173739
173740
173742
173743
173745
173746
173748
173749
173751
173752
173754
173755
173757
173758
173760
173761
173763
173764
173766
173767
173769
173770
173772
173773
173775
173776
173778
173779
173781
173782
173784
173785
173787
173788
173790
173791
173793
173794
173796
173797
173799
173800
173802
173803
173805
173806
173808
173809
173811
173812
173814
173815
173817
173818
173820
173821
173823
173824
173826
173827
173829
173830
173832
173833
173835
173836
173838
173839
173841
173842
173844
173845
173847
173848
173850
173851
173853
173854
173856
173857
173859
173860
173862
173863
173865
173866
173868
173869
173871
173872
173874
173875
173877
173878
173880
173881
173883
173884
173886
173887
173889
173890
173892
173893
173895
173896
173898
173899
173901
173902
173904
173905
173907
173908
173910
173911
173913
173914
173916
173917
173919
173920
173922
173923
173925
173926
173928
173929
173931
173932
173934
173935
173937
173938
173940
173941
173943
173944
173946
173947
173948
173950
173951
173952
173954
173955
173956
173958
173959
173960
173962
173963
173964
173966
173967
173969
173970
173972
173973
173975
173976
173978
173979
173981
173982
173984
173985
173987
173988
173990
173991
173993
173994
173996
173997
173998
174000
174001
174002
174004
174005
174006
174008
174009
174010
174012
175203
175204
175205
175208
175209
175211
175212
175214
175215
175217
175218
175219
175222
175223
175225
175226
175228
175229
175231
175232
175233
175236
175237
175239
175240
175242
175243
175245
175246
175247
175250
175251
175253
175254
175256
175257
175259
175260
175261
175264
175265
175267
175268
175270
175271
175273
175274
175275
175278
175279
175281
175282
175284
175285
175937
175938
175939
175942
175943
175945
175946
175948
175949
175951
175952
175954
175955
175957
175958
175960
175961
175963
175964
175965
175968
175969
175971
175972
175974
175975
175977
175978
175980
175981
175983
175984
175986
175987
175989
175990
175992
175993
175995
175996
175998
175999
176001
176002
176004
176005
176007
176008
176010
176011
176013
176014
176016
176017
176019
176020
176022
176023
176024
176026
176027
176029
176030
176032
176033
176034
176036
176037
176039
176040
176042
176043
176044
176046
176047
176049
176050
176052
176053
176054
176056
176057
176059
176060
176062
176063
176064
176066
176067
176069
176070
176072
176073
176074
176076
176077
176079
176080
176082
176083
176084
176086
176087
176089
176090
176092
185068
185069
185070
185071
185076
185077
185078
185081
185082
185083
185086
185087
185089
185090
185091
185094
185095
185096
185099
185100
185102
185103
185105
185106
185107
185110
185111
185113
185114
185115
185118
185119
185121
185122
185124
185125
185127
185128
185130
185131
185133
185134
185135
185138
185139
185140
185143
185144
185146
185147
185149
185150
185151
185154
185155
185156
185159
185160
185162
185163
185165
185166
185168
185169
185171
185172
185174
185175
185177
185178
185180
185181
185183
185184
185186
185187
185189
185190
185191
185192
185197
185198
185199
185202
185203
185204
185207
185208
185210
185211
185212
185215
185216
185217
185218
185220
185221
185222
185223
185226
185227
185229
185230
185231
185234
185235
185237
185238
185240
185241
185242
185244
185245
185246
185247
185248
185253
185254
185255
185258
185259
185260
185263
185264
185266
185267
185268
185271
185272
185273
185274
185276
185277
185278
185279
185282
185283
185285
185286
185287
185290
185291
185293
185294
185296
185297
185298
185300
185301
185302
185303
185304
185309
185310
185311
185314
185315
185316
185319
185320
185322
185323
185324
185327
185328
185329
185332
185333
185335
185336
185338
185339
185340
185343
185344
185346
185347
185348
185349
185350
185352
185353
185355
185356
185357
185358
185359
185360
185365
185366
185367
185370
185371
185372
185375
185376
185378
185379
185380
185383
185384
185385
185388
185389
185391
185392
185394
185395
185396
185399
185400
185402
185403
185404
185405
185406
185408
185409
185411
185412
185413
185414
185415
185418
185419
185421
185422
185423
185426
185427
185429
185430
185431
185434
185435
185437
185438
185439
185440
185441
185443
185444
185446
185447
185449
185450
185452
185453
185455
185456
185458
185459
185460
185461
185462
185465
185466
185468
185469
185470
185473
185474
185476
185477
185478
185481
185482
185484
185485
185486
185487
185488
185490
185491
185493
185494
185496
185497
185499
185500
185502
185503
185505
185506
185507
185508
185509
185512
185513
185514
185515
185518
185519
185520
185521
185524
185525
185526
185527
185528
185529
185532
185533
185534
185535
185538
185539
185540
185541
185544
185545
185546
185547
185548
185549
185552
185553
185554
185555
185558
185559
185560
185561
185564
185565
185566
185567
185568
185569
185572
185573
185574
185575
185578
185579
185580
185581
185584
185585
185586
185587
185588
185589
185592
185593
185594
185597
185598
185599
185600
185601
185604
185605
185606
185607
185608
185609
185612
185613
185614
185617
185618
185619
185620
185621
185624
185625
185626
185627
185628
185629
185632
185633
185634
185637
185638
185639
185640
185641
185644
185645
185646
185647
185648
185649
185652
185653
185654
185657
185658
185659
185660
185661
185664
185665
185666
185667
185668
185669
185672
185673
185674
185677
185678
185679
185680
185681
185684
185685
185686
185689
185690
185691
185692
185693
185696
185697
185698
185701
185702
185703
185704
185705
185708
185709
185710
185713
185714
185715
185716
185717
185720
185721
185722
185725
185726
185727
185728
185729
185732
185733
185734
185737
185738
185739
185740
185741
185744
185745
185746
185749
185750
185751
185752
185753
185756
185757
185758
185761
185762
185763
185764
185765
185768
185769
185770
185773
185774
185775
185776
185777
185780
185781
185782
185785
185786
185787
185788
185789
185792
185793
185794
185797
185798
185799
185800
185801
185804
185805
185806
185809
185810
185811
185812
185813
185816
185817
185818
185821
185822
185823
185824
185825
185828
185829
185830
185833
185834
185835
185836
185838
185839
185841
185842
185843
185844
185846
185847
185849
185850
185851
185852
185854
185855
185857
185858
185860
185861
185863
185864
185866
185867
185868
185870
185871
185872
185874
185875
185877
185878
185880
185881
185883
185884
185886
185887
185888
185890
185891
185892
185894
185895
185897
185898
185900
185901
185903
185904
185906
185907
185908
185910
185911
185912
185914
185915
185917
185918
185920
185921
185923
185924
185926
185927
185928
185930
185931
185932
185934
185935
185937
185938
185940
185941
185943
185944
185946
185947
185948
185950
185951
185952
185954
185955
185957
185958
185960
185961
185963
185964
185966
185967
185968
185970
185971
185972
185974
185975
185977
185978
185980
185981
185983
185984
185986
185987
185988
185990
185991
185992
185994
185995
185997
185998
185999
186000
186002
186003
186004
186005
186006
186009
186010
186011
186012
186015
186016
186017
186018
186021
186022
186023
186024
186025
186026
186029
186030
186031
186032
186035
186036
186037
186038
186041
186042
186043
186044
186045
186046
186049
186050
186051
186052
186055
186056
186057
186058
186061
186062
186063
186064
186065
186066
186069
186070
186071
186072
186075
186076
186077
186078
186081
186082
186083
186084
186085
186087
186088
186090
186091
186093
186094
186096
186097
186099
186100
186101
186103
186104
186105
186107
186108
186110
186111
186113
186114
186116
186117
186119
186120
186121
186123
186124
186125
186127
186128
186130
186131
186133
186134
186136
186137
186139
186140
186141
186143
186144
186145
186147
186148
186150
186151
186153
186154
186156
186157
186159
186160
186161
186163
186164
186165
186166
186169
186170
186171
186174
186175
186176
186177
186178
186181
186182
186183
186184
186185
186186
186189
186190
186191
186194
186195
186196
186197
186198
186201
186202
186203
186204
186205
186206
186209
186210
186211
186214
186215
186216
186217
186218
186221
186222
186223
186224
186225
186227
186228
186230
186231
186232
186233
186235
186236
193855
193856
193857
193858
193859
193860
193861
193862
193863
193864
193865
193866
193867
193868
193869
193870
193871
193872
193873
193874
193875
193876
193877
193878
193879
193880
193881
193882
193883
193884
193885
193886
193887
193888
193889
193890
193891
193892
193893
193894
193895
193896
193897
193898
193899
193900
193901
193902
193903
193904
193905
193906
193907
193908
193909
193910
193911
193912
193913
193914
193915
193916
193917
193918
193919
193920
193921
193922
193923
193924
193925
193926
193927
193928
193929
193930
193931
193932
193933
193934
193935
193936
193937
193938
193939
193940
193941
193942
193943
193944
193945
193946
193947
193948
193949
193950
193951
193952
193953
193954
193955
193956
193957
193958
193959
193960
193961
193962
193963
193964
193965
193966
193967
193968
193969
193970
193971
193972
193973
193974
193975
193976
193977
193978
193979
193980
193981
193982
193983
193984
193985
193986
193987
193988
193989
193990
193991
193992
193993
193994
193995
193996
193997
193998
193999
194000
194001
194002
194003
194004
194005
194006
194007
194008
194009
194010
194011
194012
194013
194014
194015
194016
194017
194018
194019
194020
194021
194022
194023
194024
194025
194026
194027
194028
194029
194030
194031
194032
194033
194034
194035
194036
194037
194038
194039
194040
194041
194042
194043
194044
194045
194046
194047
194048
194049
194050
194051
194052
194053
194054
194055
194056
194057
194058
194059
194060
194061
194062
194063
194064
194065
194066
194067
194068
194069
194070
194071
194072
194073
194074
194075
194076
194077
194078
194079
194080
194081
194082
194083
194084
194085
194086
194087
194088
194089
194090
194091
194092
194093
194094
194095
194096
194097
194098
194099
194100
194101
194102
194103
194104
194105
194106
194107
194108
194109
194110
194111
194112
194113
194114
194115
194116
194117
194118
194119
194120
194121
194122
194123
194124
194125
194126
194127
194128
194129
194130
194131
194132
194133
194134
194135
194136
194137
194138
194139
194140
194141
194142
194143
194144
194145
194146
194147
194148
194149
194150
194151
194152
194153
194154
194155
194156
194157
194158
194159
194160
194161
194162
194163
194164
194165
194166
194167
194168
194169
194170
194171
194172
194173
194174
194175
194176
194177
194178
194179
194180
194181
194182
194183
194184
194185
194186
194187
194188
194189
194190
194191
194192
194193
194194
194195
194196
194197
194198
194199
194200
194201
194202
194203
194204
194205
194206
194207
194208
194209
194210
194211
194212
194213
194214
194215
194216
194217
194218
194219
194220
194221
194222
194223
194224
194225
194226
194227
194228
194229
194230
194231
194232
194233
194234
194235
194236
194237
194238
194239
194240
194241
194242
194243
194244
194245
194246
194247
194248
194249
194250
194251
194252
194253
194254
194255
194256
194257
194258
194259
194260
194261
194262
194263
194264
194265
194266
194267
194268
194269
194270
194271
194272
194273
194274
194275
194276
194277
194278
194279
194280
194281
194282
194283
194284
194285
194286
194287
194288
194289
194290
194291
194292
194293
194294
194295
194296
194297
194298
194299
194300
194301
194302
194303
194304
194305
194306
194307
194308
194309
194310
194311
194312
194313
194314
194315
194316
194317
194318
194319
194320
194321
194322
194323
194324
194325
194326
194327
194328
194329
194330
194331
194332
194333
194334
194335
194336
194337
194338
194339
194340
194341
194342
194343
194344
194345
194346
194347
194348
194349
194350
194351
194352
194353
194354
194355
194356
194357
194358
194359
194360
194361
194362
194363
194364
194365
194366
194367
194368
194369
194370
194371
194372
194373
194374
194375
194376
194377
194378
194379
194380
194381
194382
194383
194384
194385
194386
194387
194388
194389
194390
194391
194392
194393
194394
194395
194396
194397
194398
194399
194400
194401
194402
194403
194404
194405
194406
194407
194408
194409
194410
194411
194412
194413
194414
194415
194416
194417
194418
194419
194420
194421
194422
194423
194424
194425
194426
194427
194428
194429
194430
194431
194432
194433
194434
194435
194436
194437
194438
194439
194440
194441
194442
194443
194444
194445
194446
194447
194448
194449
194450
194451
194452
194453
194454
194455
194456
194457
194458
194459
194460
194461
194462
194463
194464
194465
194466
194467
194468
194469
194470
194471
194472
194473
194474
194475
194476
194477
194478
194479
194480
194481
194482
194483
194484
194485
194486
194487
194488
194489
194490
194491
194492
194493
194494
194495
194496
194497
194498
194499
194500
194501
194502
194503
194504
194505
194506
194507
194508
194509
194510
194511
194512
194513
194514
194515
194516
194517
194518
194519
194520
194521
194522
194523
194524
194525
194526
194527
194528
194529
194530
194531
194532
194533
194534
194535
194536
194537
194538
194539
194540
194541
194542
194543
194544
194545
194546
194547
194548
194549
194550
194551
194552
194553
194554
194555
194556
194557
194558
194559
194560
194561
194562
194563
194564
194565
194566
194567
194568
194569
194570
194571
194572
194573
194574
194575
194576
194577
194578
194579
194580
194581
194582
194583
194584
194585
194586
194587
194588
194589
194590
194591
194592
194593
194594
194595
194596
194597
194598
194599
194600
194601
194602
194603
194604
194605
194606
194607
194608
194609
194610
194611
194612
194613
194614
194615
194616
194617
194618
194619
194620
194621
194622
194623
194624
194625
194626
194627
194628
194629
194630
194631
194632
194633
194634
194635
194636
194637
194638
194639
194640
194641
194642
194643
194644
194645
194646
194647
194648
194649
194650
194651
194652
194653
194654
194655
194656
194657
194658
194659
194660
194661
194662
194663
194664
194665
194666
194667
194668
194669
194670
194671
194672
194673
194674
194675
194676
194677
194678
194679
194680
194681
194682
194683
194684
194685
194686
194687
194688
194689
194690
194691
194692
194693
194694
194695
194696
194697
194698
194699
194700
194701
194702
194703
194704
194705
194706
194707
194708
194709
194710
194711
194712
194713
194714
194715
194716
194717
194718
194719
194720
194721
194722
194723
194724
194725
194726
194727
194728
194729
194730
194731
194732
194733
194734
194735
194736
194737
194738
194739
194740
194741
194742
194743
194744
194745
194746
194747
194748
194749
194750
194751
194752
194753
194754
194755
194756
194757
194758
194759
194760
194761
194762
194763
194764
194765
194766
194767
194768
194769
194770
194771
194772
194773
194774
194775
194776
194777
194778
194779
194780
194781
194782
194783
194784
194785
194786
194787
194788
194789
194790
194791
194792
194793
194794
194795
194796
194797
194798
194799
194800
194801
194802
194803
194804
194805
194806
194807
194808
194809
194810
194811
194812
194813
194814
194815
194816
194817
194818
194819
194820
194821
194822
194823
194824
194825
194826
194827
194828
194829
194830
194831
194832
194833
194834
194835
194836
194837
194838
194839
194840
194841
194842
194843
194844
194845
194846
194847
194848
194849
194850
194851
194852
194853
194854
194855
194856
194857
194858
194859
194860
194861
194862
194863
194864
194865
194866
194867
194868
194869
194870
194871
194872
194873
194874
194875
194876
194877
194878
194879
194880
194881
194882
194883
194884
194885
194886
194887
194888
194889
194890
194891
194892
194893
194894
194895
194896
194897
194898
194899
194900
194901
194902
194903
194904
194905
194906
194907
194908
194909
194910
194911
194912
194913
194914
194915
194916
194917
194918
194919
194920
194921
194922
194923
194924
194925
194926
194927
194928
194929
194930
194931
194932
194933
194934
194935
194936
194937
194938
194939
194940
194941
194942
194943
194944
194945
194946
194947
194948
194949
194950
194951
194952
194953
194954
194955
194956
194957
194958
194959
194960
194961
194962
194963
194964
194965
194966
194967
194968
194969
194970
194971
194972
194973
194974
194975
194976
194977
194978
194979
194980
194981
194982
194983
194984
194985
194986
194987
194988
194989
194990
194991
194992
194993
194994
194995
194996
194997
194998
194999
195000
195001
195002
195003
195004
195005
195006
195007
195008
195009
195010
195011
195012
195013
195014
195015
195016
195017
195018
195019
195020
195021
195022
195023
195024
195025
195026
195027
195028
195029
195030
195031
195032
195033
195034
195035
195036
195037
195038
195039
195040
195041
195042
195043
195044
195045
195046
195047
195048
195049
195050
195051
195052
195053
195054
195055
195056
195057
195058
195059
195060
195061
195062
195063
195064
195065
195066
195067
195068
195069
195070
195071
195072
195073
195074
195075
195076
195077
195078
195079
195080
195081
195082
195083
195084
195085
195086
195087
195088
195089
195090
195091
195092
195093
195094
195095
195096
195097
195098
195099
195100
195101
195102
195103
195104
195105
195106
195107
195108
195109
195110
195111
195112
195113
195114
195115
195116
195117
195118
195119
195120
195121
195122
195123
195124
195125
195126
195127
195128
195129
195130
195131
195132
195133
195134
195135
195136
195137
195138
195139
195140
195141
195142
195143
195144
195145
195146
195147
195148
195149
195150
195151
195152
195153
195154
195155
195156
195157
195158
195159
195160
195161
195162
195163
195164
195165
195166
195167
195168
195169
195170
195171
195172
195173
195174
195175
195176
195177
195178
195179
195180
195181
195182
195183
195184
195185
195186
195187
195188
195189
195190
195191
195192
195193
195194
195195
195196
195197
195198
195199
195200
195201
195202
195203
195204
195205
195206
195207
195208
195209
195210
195211
195212
195213
195214
195215
195216
195217
195218
195219
195220
195221
195222
195223
195224
195225
195226
195227
195228
195229
195230
195231
195232
195233
195234
195235
195236
195237
195238
195239
195240
195241
195242
195243
195244
195245
195246
195247
195248
195249
195250
195251
195252
195253
195254
195255
195256
195257
195258
195259
195260
195261
195262
195263
195264
195265
195266
195267
195268
195269
195270
195271
195272
195273
195274
195275
195276
195277
195278
195279
195280
195281
195282
195283
195284
195285
195286
195287
195288
195289
195290
195291
195292
195293
195294
195295
195296
195297
195298
195299
195300
195301
195302
195303
195304
195305
195306
195307
195308
195309
195310
195311
195312
195313
195314
195315
195316
195317
195318
195319
195320
195321
195322
195323
195324
195325
195326
195327
195328
195329
195330
195331
195332
195333
195334
195335
195336
195337
195338
195339
195340
195341
195342
195343
195344
195345
195346
195347
195348
195349
195350
195351
195352
195353
195354
195355
195356
195357
195358
195359
195360
195361
195362
195363
195364
195365
195366
195367
195368
195369
195370
195371
195372
195373
195374
195375
195376
195377
195378
195379
195380
195381
195382
195383
195384
195385
195386
195387
195388
195389
195390
195391
195392
195393
195394
195395
195396
195397
195398
195399
195400
195401
195402
195403
195404
195405
195406
195407
195408
195409
195410
195411
195412
195413
195414
195415
195416
195417
195418
195419
195420
195421
195422
195423
195424
195425
195426
195427
195428
195429
195430
195431
195432
195433
195434
195435
195436
195437
195438
195439
195440
195441
195442
195443
195444
195445
195446
195447
195448
195449
195450
195451
195452
195453
195454
195455
195456
195457
195458
195459
195460
195461
195462
195463
195464
195465
195466
195467
195468
195469
195470
195471
195472
195473
195474
195475
195476
195477
195478
195479
195480
195481
195482
195483
195484
195485
195486
195487
195488
195489
195490
195491
195492
195493
195494
195495
195496
195497
195498
195499
195500
195501
195502
195503
195504
195505
195506
195507
195508
195509
195510
195511
195512
195513
195514
195515
195516
195517
195518
195519
195520
195521
195522
195523
195524
195525
195526
195527
195528
195529
195530
195531
195532
195533
195534
195535
195536
195537
195538
195539
195540
195541
195542
195543
195544
195545
195546
195547
195548
195549
195550
195551
195552
195553
195554
195555
195556
195557
195558
195559
195560
195561
195562
195563
195564
195565
195566
195567
195568
195569
195570
195571
195572
195573
195574
195575
195576
195577
195578
195579
195580
195581
195582
195583
195584
195585
195586
195587
195588
195589
195590
195591
195592
195593
195594
195595
195596
195597
195598
195599
195600
195601
195602
195603
195604
195605
195606
195607
195608
195609
195610
195611
195612
195613
195614
195615
195616
195617
195618
195619
195620
195621
195622
195623
195624
195625
195626
195627
195628
195629
195630
195631
195632
195633
195634
195635
195636
195637
195638
195639
195640
195641
195642
195643
195644
195645
195646
195647
195648
195649
195650
195651
195652
195653
195654
195655
195656
195657
195658
195659
195660
195661
195662
195663
195664
195665
195666
195667
195668
195669
195670
195671
195672
195673
195674
195675
195676
195677
195678
195679
195680
195681
195682
195683
195684
195685
195686
195687
195688
195689
195690
195691
195692
195693
195694
195695
195696
195697
195698
195699
195700
195701
195702
195703
195704
195705
195706
195707
195708
195709
195710
195711
195712
195713
195714
195715
195716
195717
195718
195719
195720
195721
195722
195723
195724
195725
195726
195727
195728
195729
195730
195731
195732
195733
195734
195735
195736
195737
195738
195739
195740
195741
195742
195743
195744
195745
195746
195747
195748
195749
195750
195751
195752
195753
195754
195755
195756
195757
195758
195759
195760
195761
195762
195763
195764
195765
195766
195767
195768
195769
195770
195771
195772
195773
195774
195775
195776
195777
195778
195779
195780
195781
195782
195783
195784
195785
195786
195787
195788
195789
195790
195791
195792
195793
195794
195795
195796
195797
195798
195799
195800
195801
195802
195803
195804
195805
195806
195807
195808
195809
195810
195811
195812
195813
195814
195815
195816
195817
195818
195819
195820
195821
195822
195823
195824
195825
195826
195827
195828
195829
195830
195831
195832
195833
195834
195835
195836
195837
195838
195839
195840
195841
195842
195843
195844
195845
195846
195847
195848
195849
195850
195851
195852
195853
195854
195855
195856
195857
195858
195859
195860
195861
195862
195863
195864
195865
195866
195867
195868
195869
195870
195871
195872
195873
195874
195875
195876
195877
195878
195879
195880
195881
195882
195883
195884
195885
195886
195887
195888
195889
195890
195891
195892
195893
195894
195895
195896
195897
195898
195899
195900
195901
195902
195903
195904
195905
195906
195907
195908
195909
195910
195911
195912
195913
195914
195915
195916
195917
195918
195919
195920
195921
195922
195923
195924
195925
195926
195927
195928
195929
195930
195931
195932
195933
195934
195935
195936
195937
195938
195939
195940
195941
195942
195943
195944
195945
195946
195947
195948
195949
195950
195951
195952
195953
195954
195955
195956
195957
195958
195959
195960
195961
195962
195963
195964
195965
195966
195967
195968
195969
195970
195971
195972
195973
195974
195975
195976
195977
195978
195979
195980
195981
195982
195983
195984
195985
195986
195987
195988
195989
195990
195991
195992
195993
195994
195995
195996
195997
195998
195999
196000
196001
196002
196003
196004
196005
196006
196007
196008
196009
196010
196011
196012
196013
196014
196015
196016
196017
196018
196019
196020
196021
196022
196023
196024
196025
196026
196027
196028
196029
196030
196031
196032
196033
196034
196035
196036
196037
196038
196039
196040
196041
196042
196043
196044
196045
196046
196047
196048
196049
196050
196051
196052
196053
196054
196055
196056
196057
196058
196059
196060
196061
196062
196063
196064
196065
196066
196067
196068
196069
196070
196071
196072
196073
196074
196075
196076
196077
196078
196079
196080
196081
196082
196083
196084
196085
196086
196087
196088
196089
196090
196091
196092
196093
196094
196095
196096
196097
196098
196099
196100
196101
196102
196103
196104
196105
196106
196107
196108
196109
196110
196111
196112
196113
196114
196115
196116
196117
196118
196119
196120
196121
196122
196123
196124
196125
196126
196127
196128
196129
196130
196131
196132
196133
196134
196135
196136
196137
196138
196139
196140
196141
196142
196143
196144
196145
196146
196147
196148
196149
196150
196151
196152
196153
196154
196155
196156
196157
196158
196159
196160
196161
196162
196163
196164
196165
196166
196167
196168
196169
196170
196171
196172
196173
196174
196175
196176
196177
196178
196179
196180
196181
196182
196183
196184
196185
196186
196187
196188
196189
196190
196191
196192
196193
196194
196195
196196
196197
196198
196199
196200
196201
196202
196203
196204
196205
196206
196207
196208
196209
196210
196211
196212
196213
196214
196215
196216
196217
196218
196219
196220
196221
196222
196223
196224
196225
196226
196227
196228
196229
196230
196231
196232
196233
196234
196235
196236
196237
196238
196239
196240
196241
196242
196243
196244
196245
196246
196247
196248
196249
196250
196251
196252
196253
196254
196255
196256
196257
196258
196259
196260
196261
196262
196263
196264
196265
196266
196267
196268
196269
196270
196271
196272
196273
196274
196275
196276
196277
196278
196279
196280
196281
196282
196283
196284
196285
196286
196287
196288
196289
196290
196291
196292
196293
196294
196295
196296
196297
196298
196299
196300
196301
196302
196303
196304
196305
196306
196307
196308
196309
196310
196311
196312
196313
196314
196315
196316
196317
196318
196319
196320
196321
196322
196323
196324
196325
196326
196327
196328
196329
196330
196331
196332
196333
196334
196335
196336
196337
196338
196339
196340
196341
196342
196343
196344
196345
196346
196347
196348
196349
196350
196351
196352
196353
196354
196355
196356
196357
196358
196359
196360
196361
196362
196363
196364
196365
196366
196367
196368
196369
196370
196371
196372
196373
196374
196375
196376
196377
196378
196379
196380
196381
196382
196383
196384
196385
196386
196387
196388
196389
196390
196391
196392
196393
196394
196395
196396
196397
196398
196399
196400
196401
196402
196403
196404
196405
196406
196407
196408
196409
196410
196411
196412
196413
196414
196415
196416
196417
196418
196419
196420
196421
196422
196423
196424
196425
196426
196427
196428
196429
196430
196431
196432
196433
196434
196435
196436
196437
196438
196439
196440
196441
196442
196443
196444
196445
196446
196447
196448
196449
196450
196451
196452
196453
196454
196455
196456
196457
196458
196459
196460
196461
196462
196463
196464
196465
196466
196467
196468
196469
196470
196471
196472
196473
196474
196475
196476
196477
196478
196479
196480
196481
196482
196483
196484
196485
196486
196487
196488
196489
196490
196491
196492
196493
196494
196495
196496
196497
196498
196499
196500
196501
196502
196503
196504
196505
196506
196507
196508
196509
196510
196511
196512
196513
196514
196515
196516
196517
196518
196519
196520
196521
196522
196523
196524
196525
196526
196527
196528
196529
196530
196531
196532
196533
196534
196535
196536
196537
196538
196539
196540
196541
196542
196543
196544
196545
196546
196547
196548
196549
196550
196551
196552
196553
196554
196555
196556
196557
196558
196559
196560
196561
196562
196563
196564
196565
196566
196567
196568
196569
196570
196571
196572
196573
196574
196575
196576
196577
196578
196579
196580
196581
196582
196583
196584
196585
196586
196587
196588
196589
196590
196591
196592
196593
196594
196595
196596
196597
196598
196599
196600
196601
196602
196603
196604
196605
196606
196607
196608
196609
196610
196611
196612
196613
196614
196615
196616
196617
196618
196619
196620
196621
196622
196623
196624
196625
196626
196627
196628
196629
196630
196631
196632
196633
196634
196635
196636
196637
196638
196639
196640
196641
196642
196643
196644
196645
196646
196647
196648
196649
196650
196651
196652
196653
196654
196655
196656
196657
196658
196659
196660
196661
196662
196663
196664
196665
196666
196667
196668
196669
196670
196671
196672
196673
196674
196675
196676
196677
196678
196679
196680
196681
196682
196683
196684
196685
196686
196687
196688
196689
196690
196691
196692
196693
196694
196695
196696
196697
196698
196699
196700
196701
196702
196703
196704
196705
196706
196707
196708
196709
196710
196711
196712
196713
196714
196715
196716
196717
196718
196719
196720
196721
196722
196723
196724
196725
196726
196727
196728
196729
196730
196731
196732
196733
196734
196735
196736
196737
196738
196739
196740
196741
196742
196743
196744
196745
196746
196747
196748
196749
196750
196751
196752
196753
196754
196755
196756
196757
196758
196759
196760
196761
196762
196763
196764
196765
196766
196767
196768
196769
196770
196771
196772
196773
196774
196775
196776
196777
196778
196779
196780
196781
196782
196783
196784
196785
196786
196787
196788
196789
196790
196791
196792
196793
196794
196795
196796
196797
196798
196799
196800
196801
196802
196803
196804
196805
196806
196807
196808
196809
196810
196811
196812
196813
196814
196815
196816
196817
196818
196819
196820
196821
196822
196823
196824
196825
196826
196827
196828
196829
196830
196831
196832
196833
196834
196835
196836
196837
196838
196839
196840
196841
196842
196843
196844
196845
196846
196847
196848
196849
196850
196851
196852
196853
196854
196855
196856
196857
196858
196859
196860
196861
196862
196863
196864
196865
196866
196867
196868
196869
196870
196871
196872
196873
196874
196875
196876
196877
196878
196879
196880
196881
196882
196883
196884
196885
196886
196887
196888
196889
196890
196891
196892
196893
196894
196895
196896
196897
196898
196899
196900
196901
196902
196903
196904
196905
196906
196907
196908
196909
196910
196911
196912
196913
196914
196915
196916
196917
196918
196919
196920
196921
196922
196923
196924
196925
196926
196927
196928
196929
196930
196931
196932
196933
196934
196935
196936
196937
196938
196939
196940
196941
196942
196943
196944
196945
196946
196947
196948
196949
196950
196951
196952
196953
196954
196955
196956
196957
196958
196959
196960
196961
196962
196963
196964
196965
196966
196967
196968
196969
196970
196971
196972
196973
196974
196975
196976
196977
196978
196979
196980
196981
196982
196983
196984
196985
196986
196987
196988
196989
196990
196991
196992
196993
196994
196995
196996
196997
196998
196999
197000
197001
197002
197003
197004
197005
197006
197007
197008
197009
197010
197011
197012
197013
197014
197015
197016
197017
197018
197019
197020
197021
197022
197023
197024
197025
197026
197027
197028
197029
197030
197031
197032
197033
197034
197035
197036
197037
197038
197039
197040
197041
197042
197043
197044
197045
197046
197047
197048
197049
197050
197051
197052
197053
197054
197055
197056
197057
197058
197059
197060
197061
197062
197063
197064
197065
197066
197067
197068
197069
197070
197071
197072
197073
197074
197075
197076
197077
197078
197079
197080
197081
197082
197083
197084
197085
197086
197087
197088
197089
197090
197091
197092
197093
197094
197095
197096
197097
197098
197099
197100
197101
197102
197103
197104
197105
197106
197107
197108
197109
197110
197111
197112
197113
197114
197115
197116
197117
197118
197119
197120
197121
197122
197123
197124
197125
197126
197127
197128
197129
197130
197131
197132
197133
197134
197135
197136
197137
197138
197139
197140
197141
197142
197143
197144
197145
197146
197147
197148
197149
197150
197151
197152
197153
197154
197155
197156
197157
197158
197159
197160
197161
197162
197163
197164
197165
197166
197167
197168
197169
197170
197171
197172
197173
197174
197175
197176
197177
197178
197179
197180
197181
197182
197183
197184
197185
197186
197187
197188
197189
197190
197191
197192
197193
197194
197195
197196
197197
197198
197199
197200
197201
197202
197203
197204
197205
197206
197207
197208
197209
197210
197211
197212
197213
197214
197215
197216
197217
197218
197219
197220
197221
197222
197223
197224
197225
197226
197227
197228
197229
197230
197231
197232
197233
197234
197235
197236
197237
197238
197239
197240
197241
197242
197243
197244
197245
197246
197247
197248
197249
197250
197251
197252
197253
197254
197255
197256
197257
197258
197259
197260
197261
197262
197263
197264
197265
197266
197267
197268
197269
197270
197271
197272
197273
197274
197275
197276
197277
197278
197279
197280
197281
197282
197283
197284
197285
197286
197287
197288
197289
197290
197291
197292
197293
197294
197295
197296
197297
197298
197299
197300
197301
197302
197303
197304
197305
197306
197307
197308
197309
197310
197311
197312
197313
197314
197315
197316
197317
197318
197319
197320
197321
197322
197323
197324
197325
197326
197327
197328
197329
197330
197331
197332
197333
197334
197335
197336
197337
197338
197339
197340
197341
197342
197343
197344
197345
197346
197347
197348
197349
197350
197351
197352
197353
197354
197355
197356
197357
197358
197359
197360
197361
197362
197363
197364
197365
197366
197367
197368
197369
197370
197371
197372
197373
197374
197375
197376
197377
197378
197379
197380
197381
197382
197383
197384
197385
197386
197387
197388
197389
197390
197391
197392
197393
197394
197395
197396
197397
197398
197399
197400
197401
197402
197403
197404
197405
197406
197407
197408
197409
197410
197411
197412
197413
197414
197415
197416
197417
197418
197419
197420
197421
197422
197423
197424
197425
197426
197427
197428
197429
197430
197431
197432
197433
197434
197435
197436
197437
197438
197439
197440
197441
197442
197443
197444
197445
197446
197447
197448
197449
197450
197451
197452
197453
197454
197455
197456
197457
197458
197459
197460
197461
197462
197463
197464
197465
197466
197467
197468
197469
197470
197471
197472
197473
197474
197475
197476
197477
197478
197479
197480
197481
197482
197483
197484
197485
197486
197487
197488
197489
197490
197491
197492
197493
197494
197495
197496
197497
197498
197499
197500
197501
197502
197503
197504
197505
197506
197507
197508
197509
197510
197511
197512
197513
197514
197515
197516
197517
197518
197519
197520
197521
197522
197523
197524
197525
197526
197527
197528
197529
197530
197531
197532
197533
197534
197535
197536
197537
197538
197539
197540
197541
197542
197543
197544
197545
197546
197547
197548
197549
197550
197551
197552
197553
197554
197555
197556
197557
197558
197559
197560
197561
197562
197563
197564
197565
197566
197567
197568
197569
197570
197571
197572
197573
197574
197575
197576
197577
197578
197579
197580
197581
197582
197583
197584
197585
197586
197587
197588
197589
197590
197591
197592
197593
197594
197595
197596
197597
197598
197599
197600
197601
197602
197603
197604
197605
197606
197607
197608
197609
197610
197611
197612
197613
197614
197615
197616
197617
197618
197619
197620
197621
197622
197623
197624
197625
197626
197627
197628
197629
197630
197631
197632
197633
197634
197635
197636
197637
197638
197639
197640
197641
197642
197643
197644
197645
197646
197647
197648
197649
197650
197651
197652
197653
197654
197655
197656
197657
197658
197659
197660
197661
197662
197663
197664
197665
197666
197667
197668
197669
197670
197671
197672
197673
197674
197675
197676
197677
197678
197679
197680
197681
197682
197683
197684
197685
197686
197687
197688
197689
197690
197691
197692
197693
197694
197695
197696
197697
197698
197699
197700
197701
197702
197703
197704
197705
197706
197707
197708
197709
197710
197711
197712
197713
197714
197715
197716
197717
197718
197719
197720
197721
197722
197723
197724
197725
197726
197727
197728
197729
197730
197731
197732
197733
197734
197735
197736
197737
197738
197739
197740
197741
197742
197743
197744
197745
197746
197747
197748
197749
197750
197751
197752
197753
197754
197755
197756
197757
197758
197759
197760
197761
197762
197763
197764
197765
197766
197767
197768
197769
197770
197771
197772
197773
197774
197775
197776
197777
197778
197779
197780
197781
197782
197783
197784
197785
197786
197787
197788
197789
197790
197791
197792
197793
197794
197795
197796
197797
197798
197799
197800
197801
197802
197803
197804
197805
197806
197807
197808
197809
197810
197811
197812
197813
197814
197815
197816
197817
197818
197819
197820
197821
197822
197823
197824
197825
197826
197827
197828
197829
197830
197831
197832
197833
197834
197835
197836
197837
197838
197839
197840
197841
197842
197843
197844
197845
197846
197847
197848
197849
197850
197851
197852
197853
197854
197855
197856
197857
197858
197859
197860
197861
197862
197863
197864
197865
197866
197867
197868
197869
197870
197871
197872
197873
197874
197875
197876
197877
197878
197879
197880
197881
197882
197883
197884
197885
197886
197887
197888
197889
197890
197891
197892
197893
197894
197895
197896
197897
197898
197899
197900
197901
197902
197903
197904
197905
197906
197907
197908
197909
197910
197911
197912
197913
197914
197915
197916
197917
197918
197919
197920
197921
197922
197923
197924
197925
197926
197927
197928
197929
197930
197931
197932
197933
197934
197935
197936
197937
197938
197939
197940
197941
197942
197943
197944
197945
197946
197947
197948
197949
197950
197951
197952
197953
197954
197955
197956
197957
197958
197959
197960
197961
197962
197963
197964
197965
197966
197967
197968
197969
197970
197971
197972
197973
197974
197975
197976
197977
197978
197979
197980
197981
197982
197983
197984
197985
197986
197987
197988
197989
197990
197991
197992
197993
197994
197995
197996
197997
197998
197999
198000
198001
198002
198003
198004
198005
198006
198007
198008
198009
198010
198011
198012
198013
198014
198015
198016
198017
198018
198019
198020
198021
198022
198023
198024
198025
198026
198027
198028
198029
198030
198031
198032
198033
198034
198035
198036
198037
198038
198039
198040
198041
198042
198043
198044
198045
198046
198047
198048
198049
198050
198051
198052
198053
198054
198055
198056
198057
198058
198059
198060
198061
198062
198063
198064
198065
198066
198067
198068
198069
198070
198071
198072
198073
198074
198075
198076
198077
198078
198079
198080
198081
198082
198083
198084
198085
198086
198087
198088
198089
198090
198091
198092
198093
198094
198095
198096
198097
198098
198099
198100
198101
198102
198103
198104
198105
198106
198107
198108
198109
198110
198111
198112
198113
198114
198115
198116
198117
198118
198119
198120
198121
198122
198123
198124
198125
198126
198127
198128
198129
198130
198131
198132
198133
198134
198135
198136
198137
198138
198139
198140
198141
198142
198143
198144
198145
198146
198147
198148
198149
198150
198151
198152
198153
198154
198155
198156
198157
198158
198159
198160
198161
198162
198163
198164
198165
198166
198167
198168
198169
198170
198171
198172
198173
198174
198175
198176
198177
198178
198179
198180
198181
198182
198183
198184
198185
198186
198187
198188
198189
198190
198191
198192
198193
198194
198195
198196
198197
198198
198199
198200
198201
198202
198203
198204
198205
198206
198207
198208
198209
198210
198211
198212
198213
198214
198215
198216
198217
198218
198219
198220
198221
198222
198223
198224
198225
198226
198227
198228
198229
198230
198231
198232
198233
198234
198235
198236
198237
198238
198239
198240
198241
198242
198243
198244
198245
198246
198247
198248
198249
198250
198251
198252
198253
198254
198255
198256
198257
198258
198259
198260
198261
198262
198263
198264
198265
198266
198267
198268
198269
198270
198271
198272
198273
198274
198275
198276
198277
198278
198279
198280
198281
198282
198283
198284
198285
198286
198287
198288
198289
198290
198291
198292
198293
198294
198295
198296
198297
198298
198299
198300
198301
198302
198303
198304
198305
198306
198307
198308
198309
198310
198311
198312
198313
198314
198315
198316
198317
198318
198319
198320
198321
198322
198323
198324
198325
198326
198327
198328
198329
198330
198331
198332
198333
198334
198335
198336
198337
198338
198339
198340
198341
198342
198343
198344
198345
198346
198347
198348
198349
198350
198351
198352
198353
198354
198355
198356
198357
198358
198359
198360
198361
198362
198363
198364
198365
198366
198367
198368
198369
198370
198371
198372
198373
198374
198375
198376
198377
198378
198379
198380
198381
198382
198383
198384
198385
198386
198387
198388
198389
198390
198391
198392
198393
198394
198395
198396
198397
198398
198399
198400
198401
198402
198403
198404
198405
198406
198407
198408
198409
198410
198411
198412
198413
198414
198415
198416
198417
198418
198419
198420
198421
198422
198423
198424
198425
198426
198427
198428
198429
198430
198431
198432
198433
198434
198435
198436
198437
198438
198439
198440
198441
198442
198443
198444
198445
198446
198447
198448
198449
198450
198451
198452
198453
198454
198455
198456
198457
198458
198459
198460
198461
198462
198463
198464
198465
198466
198467
198468
198469
198470
198471
198472
198473
198474
198475
198476
198477
198478
198479
198480
198481
198482
198483
198484
198485
198486
198487
198488
198489
198490
198491
198492
198493
198494
198495
198496
198497
198498
198499
198500
198501
198502
198503
198504
198505
198506
198507
198508
198509
198510
198511
198512
198513
198514
198515
198516
198517
198518
198519
198520
198521
198522
198523
198524
198525
198526
198527
198528
198529
198530
198531
198532
198533
198534
198535
198536
198537
198538
198539
198540
198541
198542
198543
198544
198545
198546
198547
198548
198549
198550
198551
198552
198553
198554
198555
198556
198557
198558
198559
198560
198561
198562
198563
198564
198565
198566
198567
198568
198569
198570
198571
198572
198573
198574
198575
198576
198577
198578
198579
198580
198581
198582
198583
198584
198585
198586
198587
198588
198589
198590
198591
198592
198593
198594
198595
198596
198597
198598
198599
198600
198601
198602
198603
198604
198605
198606
198607
198608
198609
198610
198611
198612
198613
198614
198615
198616
198617
198618
198619
198620
198621
198622
198623
198624
198625
198626
198627
198628
198629
198630
198631
198632
198633
198634
198635
198636
198637
198638
198639
198640
198641
198642
198643
198644
198645
198646
198647
198648
198649
198650
198651
198652
198653
198654
198655
198656
198657
198658
198659
198660
198661
198662
198663
198664
198665
198666
198667
198668
198669
198670
198671
198672
198673
198674
198675
198676
198677
198678
198679
198680
198681
198682
198683
198684
198685
198686
198687
198688
198689
198690
198691
198692
198693
198694
198695
198696
198697
198698
198699
198700
198701
198702
198703
198704
198705
198706
198707
198708
198709
198710
198711
198712
198713
198714
198715
198716
198717
198718
198719
198720
198721
198722
198723
198724
198725
198726
198727
198728
198729
198730
198731
198732
198733
198734
198735
198736
198737
198738
198739
198740
198741
198742
198743
198744
198745
198746
198747
198748
198749
198750
198751
198752
198753
198754
198755
198756
198757
198758
198759
198760
198761
198762
198763
198764
198765
198766
198767
198768
198769
198770
198771
198772
198773
198774
198775
198776
198777
198778
198779
198780
198781
198782
198783
198784
198785
198786
198787
198788
198789
198790
198791
198792
198793
198794
198795
198796
198797
198798
198799
198800
198801
198802
198803
198804
198805
198806
198807
198808
198809
198810
198811
198812
198813
198814
198815
198816
198817
198818
198819
198820
198821
198822
198823
198824
198825
198826
198827
198828
198829
198830
198831
198832
198833
198834
198835
198836
198837
198838
198839
198840
198841
198842
198843
198844
198845
198846
198847
198848
198849
198850
198851
198852
198853
198854
198855
198856
198857
198858
198859
198860
198861
198862
198863
198864
198865
198866
198867
198868
198869
198870
198871
198872
198873
198874
198875
198876
198877
198878
198879
198880
198881
198882
198883
198884
198885
198886
198887
198888
198889
198890
198891
198892
198893
198894
198895
198896
198897
198898
198899
198900
198901
198902
198903
198904
198905
198906
198907
198908
198909
198910
198911
198912
198913
198914
198915
198916
198917
198918
198919
198920
198921
198922
198923
198924
198925
198926
198927
198928
198929
198930
198931
198932
198933
198934
198935
198936
198937
198938
198939
198940
198941
198942
198943
198944
198945
198946
198947
198948
198949
198950
198951
198952
198953
198954
198955
198956
198957
198958
198959
198960
198961
198962
198963
198964
198965
198966
198967
198968
198969
198970
198971
198972
198973
198974
198975
198976
198977
198978
198979
198980
198981
198982
198983
198984
198985
198986
198987
198988
198989
198990
198991
198992
198993
198994
198995
198996
198997
198998
198999
199000
199001
199002
199003
199004
199005
199006
199007
199008
199009
199010
199011
199012
199013
199014
199015
199016
199017
199018
199019
199020
199021
199022
199023
199024
199025
199026
199027
199028
199029
199030
199031
199032
199033
199034
199035
199036
199037
199038
199039
199040
199041
199042
199043
199044
199045
199046
199047
199048
199049
199050
199051
199052
199053
199054
199055
199056
199057
199058
199059
199060
199061
199062
199063
199064
199065
199066
199067
199068
199069
199070
199071
199072
199073
199074
199075
199076
199077
199078
199079
199080
199081
199082
199083
199084
199085
199086
199087
199088
199089
199090
199091
199092
199093
199094
199095
199096
199097
199098
199099
199100
199101
199102
199103
199104
199105
199106
199107
199108
199109
199110
199111
199112
199113
199114
199115
199116
199117
199118
199119
199120
199121
199122
199123
199124
199125
199126
199127
199128
199129
199130
199131
199132
199133
199134
199135
199136
199137
199138
199139
199140
199141
199142
199143
199144
199145
199146
199147
199148
199149
199150
199151
199152
199153
199154
199155
199156
199157
199158
199159
199160
199161
199162
199163
199164
199165
199166
199167
199168
199169
199170
199171
199172
199173
199174
199175
199176
199177
199178
199179
199180
199181
199182
199183
199184
199185
199186
199187
199188
199189
199190
199191
199192
199193
199194
199195
199196
199197
199198
199199
199200
199201
199202
199203
199204
199205
199206
199207
199208
199209
199210
199211
199212
199213
199214
199215
199216
199217
199218
199219
199220
199221
199222
199223
199224
199225
199226
199227
199228
199229
199230
199231
199232
199233
199234
199235
199236
199237
199238
199239
199240
199241
199242
199243
199244
199245
199246
199247
199248
199249
199250
199251
199252
199253
199254
199255
199256
199257
199258
199259
199260
199261
199262
199263
199264
199265
199266
199267
199268
199269
199270
199271
199272
199273
199274
199275
199276
199277
199278
199279
199280
199281
199282
199283
199284
199285
199286
199287
199288
199289
199290
199291
199292
199293
199294
199295
199296
199297
199298
199299
199300
199301
199302
199303
199304
199305
199306
199307
199308
199309
199310
199311
199312
199313
199314
199315
199316
199317
199318
199319
199320
199321
199322
199323
199324
199325
199326
199327
199328
199329
199330
199331
199332
199333
199334
199335
199336
199337
199338
199339
199340
199341
199342
199343
199344
199345
199346
199347
199348
199349
199350
199351
199352
199353
199354
199355
199356
199357
199358
199359
199360
199361
199362
199363
199364
199365
199366
199367
199368
199369
199370
199371
199372
199373
199374
199375
199376
199377
199378
199379
199380
199381
199382
199383
199384
199385
199386
199387
199388
199389
199390
199391
199392
199393
199394
199395
199396
199397
199398
199399
199400
199401
199402
199403
199404
199405
199406
199407
199408
199409
199410
199411
199412
199413
199414
199415
199416
199417
199418
199419
199420
199421
199422
199423
199424
199425
199426
199427
199428
199429
199430
199431
199432
199433
199434
199435
199436
199437
199438
199439
199440
199441
199442
199443
199444
199445
199446
199447
199448
199449
199450
199451
199452
199453
199454
199455
199456
199457
199458
199459
199460
199461
199462
199463
199464
199465
199466
199467
199468
199469
199470
199471
199472
199473
199474
199475
199476
199477
199478
199479
199480
199481
199482
199483
199484
199485
199486
199487
199488
199489
199490
199491
199492
199493
199494
199495
199496
199497
199498
199499
199500
199501
199502
199503
199504
199505
199506
199507
199508
199509
199510
199511
199512
199513
199514
199515
199516
199517
199518
199519
199520
199521
199522
199523
199524
199525
199526
199527
199528
199529
199530
199531
199532
199533
199534
199535
199536
199537
199538
199539
199540
199541
199542
199543
199544
199545
199546
199547
199548
199549
199550
199551
199552
199553
199554
199555
199556
199557
199558
199559
199560
199561
199562
199563
199564
199565
199566
199567
199568
199569
199570
199571
199572
199573
199574
199575
199576
199577
199578
199579
199580
199581
199582
199583
199584
199585
199586
199587
199588
199589
199590
199591
199592
199593
199594
199595
199596
199597
199598
199599
199600
199601
199602
199603
199604
199605
199606
199607
199608
199609
199610
199611
199612
199613
199614
199615
199616
199617
199618
199619
199620
199621
199622
199623
199624
199625
199626
199627
199628
199629
199630
199631
199632
199633
199634
199635
199636
199637
199638
199639
199640
199641
199642
199643
199644
199645
199646
199647
199648
199649
199650
199651
199652
199653
199654
199655
199656
199657
199658
199659
199660
199661
199662
199663
199664
199665
199666
199667
199668
199669
199670
199671
199672
199673
199674
199675
199676
199677
199678
199679
199680
199681
199682
199683
199684
199685
199686
199687
199688
199689
199690
199691
199692
199693
199694
199695
199696
199697
199698
199699
199700
199701
199702
199703
199704
199705
199706
199707
199708
199709
199710
199711
199712
199713
199714
199715
199716
199717
199718
199719
199720
199721
199722
199723
199724
199725
199726
199727
199728
199729
199730
199731
199732
199733
199734
199735
199736
199737
199738
199739
199740
199741
199742
199743
199744
199745
199746
199747
199748
199749
199750
199751
199752
199753
199754
199755
199756
199757
199758
199759
199760
199761
199762
199763
199764
199765
199766
199767
199768
199769
199770
199771
199772
199773
199774
199775
199776
199777
199778
199779
199780
199781
199782
199783
199784
199785
199786
199787
199788
199789
199790
199791
199792
199793
199794
199795
199796
199797
199798
199799
199800
199801
199802
199803
199804
199805
199806
199807
199808
199809
199810
199811
199812
199813
199814
199815
199816
199817
199818
199819
199820
199821
199822
199823
199824
199825
199826
199827
199828
199829
199830
199831
199832
199833
199834
199835
199836
199837
199838
199839
199840
199841
199842
199843
199844
199845
199846
199847
199848
199849
199850
199851
199852
199853
199854
199855
199856
199857
199858
199859
199860
199861
199862
199863
199864
199865
199866
199867
199868
199869
199870
199871
199872
199873
199874
199875
199876
199877
199878
199879
199880
199881
199882
199883
199884
199885
199886
199887
199888
199889
199890
199891
199892
199893
199894
199895
199896
199897
199898
199899
199900
199901
199902
199903
199904
199905
199906
199907
199908
199909
199910
199911
199912
199913
199914
199915
199916
199917
199918
199919
199920
199921
199922
199923
199924
199925
199926
199927
199928
199929
199930
199931
199932
199933
199934
199935
199936
199937
199938
199939
199940
199941
199942
199943
199944
199945
199946
199947
199948
199949
199950
199951
199952
199953
199954
199955
199956
199957
199958
199959
199960
199961
199962
199963
199964
199965
199966
199967
199968
199969
199970
199971
199972
199973
199974
199975
199976
199977
199978
199979
199980
199981
199982
199983
199984
199985
199986
199987
199988
199989
199990
199991
199992
199993
199994
199995
199996
199997
199998
199999
200000
200001
200002
200003
200004
200005
200006
200007
200008
200009
200010
200011
200012
200013
200014
200015
200016
200017
200018
200019
200020
200021
200022
200023
200024
200025
200026
200027
200028
200029
200030
200031
200032
200033
200034
200035
200036
200037
200038
200039
200040
200041
200042
200043
200044
200045
200046
200047
200048
200049
200050
200051
200052
200053
200054
200055
200056
200057
200058
200059
200060
200061
200062
200063
200064
200065
200066
200067
200068
200069
200070
200071
200072
200073
200074
200075
200076
200077
200078
200079
200080
200081
200082
200083
200084
200085
200086
200087
200088
200089
200090
200091
200092
200093
200094
200095
200096
200097
200098
200099
200100
200101
200102
200103
200104
200105
200106
200107
200108
200109
200110
200111
200112
200113
200114
200115
200116
200117
200118
200119
200120
200121
200122
200123
200124
200125
200126
200127
200128
200129
200130
200131
200132
200133
200134
200135
200136
200137
200138
200139
200140
200141
200142
200143
200144
200145
200146
200147
200148
200149
200150
200151
200152
200153
200154
200155
200156
200157
200158
200159
200160
200161
200162
200163
200164
200165
200166
200167
200168
200169
200170
200171
200172
200173
200174
200175
200176
200177
200178
200179
200180
200181
200182
200183
200184
200185
200186
200187
200188
200189
200190
200191
200192
200193
200194
200195
200196
200197
200198
200199
200200
200201
200202
200203
200204
200205
200206
200207
200208
200209
200210
200211
200212
200213
200214
200215
200216
200217
200218
200219
200220
200221
200222
200223
200224
200225
200226
200227
200228
200229
200230
200231
200232
200233
200234
200235
200236
200237
200238
200239
200240
200241
200242
200243
200244
200245
200246
200247
200248
200249
200250
200251
200252
200253
200254
200255
200256
200257
200258
200259
200260
200261
200262
200263
200264
200265
200266
200267
200268
200269
200270
200271
200272
200273
200274
200275
200276
200277
200278
200279
200280
200281
200282
200283
200284
200285
200286
200287
200288
200289
200290
200291
200292
200293
200294
200295
200296
200297
200298
200299
200300
200301
200302
200303
200304
200305
200306
200307
200308
200309
200310
200311
200312
200313
200314
200315
200316
200317
200318
200319
200320
200321
200322
200323
200324
200325
200326
200327
200328
200329
200330
200331
200332
200333
200334
200335
200336
200337
200338
200339
200340
200341
200342
200343
200344
200345
200346
200347
200348
200349
200350
200351
200352
200353
200354
200355
200356
200357
200358
200359
200360
200361
200362
200363
200364
200365
200366
200367
200368
200369
200370
200371
200372
200373
200374
200375
200376
200377
200378
200379
200380
200381
200382
200383
200384
200385
200386
200387
200388
200389
200390
200391
200392
200393
200394
200395
200396
200397
200398
200399
200400
200401
200402
200403
200404
200405
200406
200407
200408
200409
200410
200411
200412
200413
200414
200415
200416
200417
200418
200419
200420
200421
200422
200423
200424
200425
200426
200427
200428
200429
200430
200431
200432
200433
200434
200435
200436
200437
200438
200439
200440
200441
200442
200443
200444
200445
200446
200447
200448
200449
200450
200451
200452
200453
200454
200455
200456
200457
200458
200459
200460
200461
200462
200463
200464
200465
200466
200467
200468
200469
200470
200471
200472
200473
200474
200475
200476
200477
200478
200479
200480
200481
200482
200483
200484
200485
200486
200487
200488
200489
200490
200491
200492
200493
200494
200495
200496
200497
200498
200499
200500
200501
200502
200503
200504
200505
200506
200507
200508
200509
200510
200511
200512
200513
200514
200515
200516
200517
200518
200519
200520
200521
200522
200523
200524
200525
200526
200527
200528
200529
200530
200531
200532
200533
200534
200535
200536
200537
200538
200539
200540
200541
200542
200543
200544
200545
200546
200547
200548
200549
200550
200551
200552
200553
200554
200555
200556
200557
200558
200559
200560
200561
200562
200563
200564
200565
200566
200567
200568
200569
200570
200571
200572
200573
200574
200575
200576
200577
200578
200579
200580
200581
200582
200583
200584
200585
200586
200587
200588
200589
200590
200591
200592
200593
200594
200595
200596
200597
200598
200599
200600
200601
200602
200603
200604
200605
200606
200607
200608
200609
200610
200611
200612
200613
200614
200615
200616
200617
200618
200619
200620
200621
200622
200623
200624
200625
200626
200627
200628
200629
200630
200631
200632
200633
200634
200635
200636
200637
200638
200639
200640
200641
200642
200643
200644
200645
200646
200647
200648
200649
200650
200651
200652
200653
200654
200655
200656
200657
200658
200659
200660
200661
200662
200663
200664
200665
200666
200667
200668
200669
200670
200671
200672
200673
200674
200675
200676
200677
200678
200679
200680
200681
200682
200683
200684
200685
200686
200687
200688
200689
200690
200691
200692
200693
200694
200695
200696
200697
200698
200699
200700
200701
200702
200703
200704
200705
200706
200707
200708
200709
200710
200711
200712
200713
200714
200715
200716
200717
200718
200719
200720
200721
200722
200723
200724
200725
200726
200727
200728
200729
200730
200731
200732
200733
200734
200735
200736
200737
200738
200739
200740
200741
200742
200743
200744
200745
200746
200747
200748
200749
200750
200751
200752
200753
200754
200755
200756
200757
200758
200759
200760
200761
200762
200763
200764
200765
200766
200767
200768
200769
200770
200771
200772
200773
200774
200775
200776
200777
200778
200779
200780
200781
200782
200783
200784
200785
200786
200787
200788
200789
200790
200791
200792
200793
200794
200795
200796
200797
200798
200799
200800
200801
200802
200803
200804
200805
200806
200807
200808
200809
200810
200811
200812
200813
200814
200815
200816
200817
200818
200819
200820
200821
200822
200823
200824
200825
200826
200827
200828
200829
200830
200831
200832
200833
200834
200835
200836
200837
200838
200839
200840
200841
200842
200843
200844
200845
200846
200847
200848
200849
200850
200851
200852
200853
200854
200855
200856
200857
200858
200859
200860
200861
200862
200863
200864
200865
200866
200867
200868
200869
200870
200871
200872
200873
200874
200875
200876
200877
200878
200879
200880
200881
200882
200883
200884
200885
200886
200887
200888
200889
200890
200891
200892
200893
200894
200895
200896
200897
200898
200899
200900
200901
200902
200903
200904
200905
200906
200907
200908
200909
200910
200911
200912
200913
200914
200915
200916
200917
200918
200919
200920
200921
200922
200923
200924
200925
200926
200927
200928
200929
200930
200931
200932
200933
200934
200935
200936
200937
200938
200939
200940
200941
200942
200943
200944
200945
200946
200947
200948
200949
200950
200951
200952
200953
200954
200955
200956
200957
200958
200959
200960
200961
200962
200963
200964
200965
200966
200967
200968
200969
200970
200971
200972
200973
200974
200975
200976
200977
200978
200979
200980
200981
200982
200983
200984
200985
200986
200987
200988
200989
200990
200991
200992
200993
200994
200995
200996
200997
200998
200999
201000
201001
201002
201003
201004
201005
201006
201007
201008
201009
201010
201011
201012
201013
201014
201015
201016
201017
201018
201019
201020
201021
201022
201023
201024
201025
201026
201027
201028
201029
201030
201031
201032
201033
201034
201035
201036
201037
201038
201039
201040
201041
201042
201043
201044
201045
201046
201047
201048
201049
201050
201051
201052
201053
201054
201055
201056
201057
201058
201059
201060
201061
201062
201063
201064
201065
201066
201067
201068
201069
201070
201071
201072
201073
201074
201075
201076
201077
201078
201079
201080
201081
201082
201083
201084
201085
201086
201087
201088
201089
201090
201091
201092
201093
201094
201095
201096
201097
201098
201099
201100
201101
201102
201103
201104
201105
201106
201107
201108
201109
201110
201111
201112
201113
201114
201115
201116
201117
201118
201119
201120
201121
201122
201123
201124
201125
201126
201127
201128
201129
201130
201131
201132
201133
201134
201135
201136
201137
201138
201139
201140
201141
201142
201143
201144
201145
201146
201147
201148
201149
201150
201151
201152
201153
201154
201155
201156
201157
201158
201159
201160
201161
201162
201163
201164
201165
201166
201167
201168
201169
201170
201171
201172
201173
201174
201175
201176
201177
201178
201179
201180
201181
201182
201183
201184
201185
201186
201187
201188
201189
201190
201191
201192
201193
201194
201195
201196
201197
201198
201199
201200
201201
201202
201203
201204
201205
201206
201207
201208
201209
201210
201211
201212
201213
201214
201215
201216
201217
201218
201219
201220
201221
201222
201223
201224
201225
201226
201227
201228
201229
201230
201231
201232
201233
201234
201235
201236
201237
201238
201239
201240
201241
201242
201243
201244
201245
201246
201247
201248
201249
201250
201251
201252
201253
201254
201255
201256
201257
201258
201259
201260
201261
201262
201263
201264
201265
201266
201267
201268
201269
201270
201271
201272
201273
201274
201275
201276
201277
201278
201279
201280
201281
201282
201283
201284
201285
201286
201287
201288
201289
201290
201291
201292
201293
201294
201295
201296
201297
201298
201299
201300
201301
201302
201303
201304
201305
201306
201307
201308
201309
201310
201311
201312
201313
201314
201315
201316
201317
201318
201319
201320
201321
201322
201323
201324
201325
201326
201327
201328
201329
201330
201331
201332
201333
201334
201335
201336
201337
201338
201339
201340
201341
201342
201343
201344
201345
201346
201347
201348
201349
201350
201351
201352
201353
201354
201355
201356
201357
201358
201359
201360
201361
201362
201363
201364
201365
201366
201367
201368
201369
201370
201371
201372
201373
201374
201375
201376
201377
201378
201379
201380
201381
201382
201383
201384
201385
201386
201387
201388
201389
201390
201391
201392
201393
201394
201395
201396
201397
201398
201399
201400
201401
201402
201403
201404
201405
201406
201407
201408
201409
201410
201411
201412
201413
201414
201415
201416
201417
201418
201419
201420
201421
201422
201423
201424
201425
201426
201427
201428
201429
201430
201431
201432
201433
201434
201435
201436
201437
201438
201439
201440
201441
201442
201443
201444
201445
201446
201447
201448
201449
201450
201451
201452
201453
201454
201455
201456
201457
201458
201459
201460
201461
201462
201463
201464
201465
201466
201467
208997
208998
209156
209244
209287
