104
106
108
142
144
680
682
684
718
1256
1258
1260
1294
1832
1834
1836
1870
2408
2410
2412
2446
2984
2986
2988
3022
3489
3491
3525
3527
4065
4067
4101
4103
4641
4643
4677
4679
5217
5219
5253
5255
5793
5795
5829
5831
6369
6371
6405
6407
7018
7020
7054
7056
7594
7596
7630
7632
8170
8172
8206
8208
8746
8748
8782
8784
9249
9251
9285
9287
9825
9827
9861
9863
10401
10403
10437
10439
10977
10979
11013
93578
93580
93582
93584
93586
93588
93590
93592
93594
93628
93630
93634
93636
93640
93642
93649
93651
93653
93655
93657
93659
93661
93663
93665
93699
93705
93711
93770
93772
93774
93776
93778
93780
93782
93784
93786
93820
93822
93826
93828
93832
93834
93843
93845
93849
93851
93855
93857
93891
93893
93897
93899
93903
93905
93962
93964
93966
93968
93970
93972
93974
93976
93978
94012
94018
94024
94033
94035
94037
94039
94041
94043
94045
94047
94049
94083
94089
94095
94156
94158
94162
94164
94168
94170
94204
94206
94210
94212
94216
94218
94227
94229
94233
94235
94239
94241
94275
94277
94281
94283
94287
94289
94346
94348
94350
94352
94354
94356
94358
94360
94362
94396
94402
94408
94417
94419
94421
94423
94425
94427
94429
94431
94433
94467
94473
94479
94538
94540
94542
94544
94546
94548
94550
94552
94554
94588
94594
94600
94609
94611
94613
94615
94617
94619
94621
94623
94625
94659
94665
94671
94732
94734
94738
94740
94744
94746
94780
94782
94786
94788
94792
94794
94803
94805
94809
94811
94815
94817
94851
94853
94857
94859
94863
94865
94922
94924
94926
94928
94930
94932
94934
94936
94938
94972
94978
94984
94993
94995
94997
94999
95001
95003
95005
95007
95009
95043
95049
95055
95114
95116
95118
95120
95122
95124
95126
95128
95130
95164
95170
95176
95185
95187
95189
95191
95193
95195
95197
95199
95201
95235
95241
95247
95308
95310
95314
95316
95320
95322
95356
95362
95368
95379
95381
95385
95387
95391
95393
95427
95433
95439
95473
95475
95477
95479
95481
95483
95499
95501
95505
95507
95534
95536
95538
95540
95542
95544
95560
95562
95566
95568
95582
95584
95586
95588
95590
95592
95608
95610
95614
95616
95617
95619
95621
95623
95625
95627
95643
95645
95649
95651
95678
95680
95682
95684
95686
95688
95704
95706
95710
95712
95713
95715
95717
95719
95721
95723
95739
95741
95745
95747
95774
95776
95778
95780
95782
95784
95800
95802
95806
95808
95809
95811
95813
95815
95817
95819
95835
95837
95841
95843
95863
95865
95867
95875
95877
95879
95887
95889
95891
95899
95901
95903
95911
95913
95915
95985
95987
95997
95999
96009
96011
96021
96023
96033
96035
96164
96166
96168
96176
96178
96180
96188
96190
96192
96200
96202
96204
96212
96214
96216
96286
96288
96298
96300
96310
96312
96322
96324
96334
96336
96404
96406
96408
96416
96418
96420
96428
96430
96432
96440
96442
96444
96452
96454
96456
96526
96528
96538
96540
96550
96552
96562
96564
96574
96576
96583
96585
96587
96595
96597
96599
96607
96609
96611
96619
96621
96623
96631
96633
96635
96705
96707
96717
96719
96729
96731
96741
96743
96753
96755
96878
96880
96882
96884
96886
96888
96896
96898
96900
96908
96910
96912
96920
96922
96924
97000
97002
97006
97008
97018
97020
97030
97032
97042
97044
97057
97059
97061
97063
97065
97067
97075
97077
97079
97087
97089
97091
97099
97101
97103
97179
97181
97185
97187
97197
97199
97209
97211
97221
97223
97358
97360
97362
97364
97366
97368
97376
97378
97380
97388
97390
97392
97400
97402
97404
97480
97482
97486
97488
97498
97500
97510
97512
97522
97524
97537
97539
97541
97543
97545
97547
97555
97557
97559
97567
97569
97571
97579
97581
97583
97659
97661
97665
97667
97677
97679
97689
97691
97701
97703
97802
97804
97806
97808
97810
97812
97852
97854
97858
97860
97873
97875
97877
97879
97881
97883
97923
97929
97994
97996
97998
98000
98002
98004
98044
98050
98052
98067
98069
98073
98075
98115
98121
98123
98188
98190
98192
98194
98196
98236
98242
98259
98261
98263
98265
98267
98307
98313
98386
98388
98434
98436
98457
98459
98505
98507
98576
98578
98580
98626
98647
98649
98651
98697
98764
98766
98768
98770
98772
98812
98818
98835
98837
98839
98841
98843
98883
98889
98956
98958
98962
98964
99004
99010
99012
99027
99029
99033
99035
99075
99081
99083
99152
99154
99156
99202
99223
99225
99227
99273
99340
99342
99344
99346
99348
99388
99394
99411
99413
99415
99417
99419
99459
99465
99538
99540
99586
99609
99611
99657
99697
99699
99701
99703
99705
99707
99725
99727
99729
99731
99758
99760
99762
99764
99766
99768
99786
99788
99806
99808
99810
99812
99814
99816
99834
99836
99845
99847
99849
99851
99869
99871
99906
99908
99910
99912
99930
99932
99941
99943
99945
99947
99965
99967
99989
99991
99993
99995
100013
100015
100050
100052
100054
100056
100074
100076
100085
100087
100089
100091
100109
100111
100146
100148
100150
100152
100170
100172
100194
100196
100198
100200
100218
100220
100229
100231
100233
100235
100253
100255
100275
100279
100283
100287
100291
100295
100299
100303
100307
100311
100315
100319
100399
100403
100411
100415
100423
100427
100435
100439
100576
100580
100584
100588
100592
100596
100600
100604
100608
100612
100616
100620
100688
100700
100712
100724
100804
100808
100812
100816
100820
100824
100828
100832
100836
100840
100844
100848
100928
100940
100952
100964
100987
100991
100999
101003
101011
101015
101023
101027
101107
101119
101131
101143
101288
101292
101300
101304
101312
101316
101324
101328
101408
101420
101432
101444
101455
101459
101467
101471
101479
101483
101491
101495
101575
101587
101599
101611
101695
101699
101707
101711
101719
101723
101731
101735
101815
101827
101839
101851
101984
101988
101996
102000
102008
102012
102020
102024
102104
102116
102128
102140
102212
102216
102224
102228
102236
102240
102248
102252
102332
102344
102356
102368
102391
102395
102403
102407
102415
102419
102427
102431
102511
102523
102535
102547
102692
102696
102704
102708
102716
102720
102728
102732
102812
102824
102836
102848
102871
102875
102883
102887
102895
102899
102907
102911
102991
103003
103015
103027
103105
103107
103109
103111
103113
103115
103117
103119
103121
103143
103145
103149
103151
103155
103157
103196
103198
103200
103202
103204
103206
103208
103210
103212
103234
103236
103240
103242
103246
103248
103255
103257
103259
103261
103263
103265
103293
103295
103299
103301
103346
103348
103350
103352
103354
103356
103384
103386
103390
103392
103399
103401
103403
103405
103407
103409
103437
103439
103443
103445
103490
103492
103494
103496
103498
103500
103528
103530
103534
103536
103543
103545
103547
103549
103551
103553
103581
103583
103587
103589
103634
103636
103638
103672
103674
103687
103689
103691
103693
103695
103697
103725
103731
103778
103780
103782
103784
103786
103788
103816
103822
103831
103833
103835
103837
103839
103841
103869
103875
103922
103924
103926
103928
103930
103932
103960
103966
103969
103971
103975
103977
103981
103983
104011
104013
104060
104062
104066
104068
104072
104074
104102
104104
104113
104115
104119
104121
104125
104127
104155
104157
104204
104206
104210
104212
104216
104218
104246
104248
104282
104284
104286
104288
104290
104292
104320
104326
104335
104337
104339
104341
104343
104345
104373
104379
104426
104428
104430
104432
104434
104436
104464
104470
104479
104481
104483
104485
104487
104489
104517
104523
104551
104553
104555
104557
104559
104561
104589
104595
104642
104644
104646
104648
104650
104652
104680
104686
104695
104697
104699
104701
104703
104705
104733
104739
104786
104788
104790
104824
104833
104835
104839
104841
104845
104847
104875
104877
104924
104926
104930
104932
104936
104938
104966
104968
104979
104983
104985
104989
104991
105019
105021
105070
105074
105076
105080
105082
105110
105112
105123
105125
105129
105131
105159
105165
105214
105216
105220
105222
105250
105256
105267
105269
105273
105275
105303
105309
105358
105360
105364
105366
105394
105400
105417
105419
105423
105425
105453
105459
105508
105510
105514
105516
105544
105550
105561
105563
105567
105569
105597
105603
105652
105654
105658
105660
105688
105694
105705
105707
105711
105713
105741
105747
105796
105798
105802
105804
105832
105838
105849
105851
105855
105857
105885
105891
105940
105942
105976
105993
105995
105999
106001
106029
106035
106084
106086
106090
106092
106120
106126
106137
106139
106143
106145
106173
106179
106228
106230
106234
106236
106264
106270
106281
106283
106287
106289
106317
106319
106372
106374
106378
106380
106408
106410
106425
106427
106431
106433
106461
106463
106516
106518
106522
106524
106552
106554
106563
106565
106569
106571
106599
106605
106654
106656
106660
106662
106690
106696
106707
106709
106713
106715
106743
106749
106804
106806
106840
139423
139426
139436
139438
139648
139651
139659
139660
139852
139855
139863
139864
140056
140059
140067
140068
140260
140263
140271
140272
140464
140467
140475
140476
140633
140636
140651
140654
140837
140840
140855
140858
141041
141044
141059
141062
141245
141248
141263
141266
141449
141452
141467
141470
141653
141656
141671
141674
141890
141892
141902
141904
142094
142096
142106
142108
142298
142300
142310
142312
142502
142504
142514
142516
142673
142676
142691
142694
142877
142880
142895
142898
143081
143084
143099
143102
143285
143288
143301
143304
193879
193880
193881
193882
193887
193888
193889
193892
193893
193894
193897
193898
193900
193901
193902
193921
193922
193923
193926
193927
193928
193931
193932
193934
193935
193937
193938
193939
193940
193941
193942
193951
193952
193953
193959
193960
193961
193967
193968
193972
193973
193976
193987
193988
193989
193995
193996
193999
194000
194004
194006
194035
194036
194037
194038
194043
194044
194045
194048
194049
194050
194053
194054
194056
194057
194058
194077
194078
194079
194082
194083
194084
194087
194088
194090
194091
194093
194094
194095
194096
194097
194103
194104
194105
194111
194112
194116
194117
194121
194123
194131
194132
194133
194139
194140
194141
194147
194148
194152
194153
194157
194159
194191
194192
194193
194194
194199
194200
194201
194204
194205
194206
194209
194210
194212
194213
194214
194227
194228
194229
194232
194233
194234
194235
194237
194238
194239
194240
194241
194242
194251
194252
194253
194259
194260
194261
194267
194268
194272
194273
194276
194287
194288
194289
194295
194296
194299
194300
194304
194306
194329
194330
194331
194334
194335
194336
194339
194340
194342
194343
194345
194346
194365
194366
194367
194370
194371
194372
194375
194376
194378
194379
194381
194382
194383
194384
194385
194391
194392
194393
194399
194400
194404
194405
194409
194411
194419
194420
194421
194427
194428
194429
194435
194436
194440
194441
194445
194447
194479
194480
194481
194482
194487
194488
194489
194492
194493
194494
194497
194498
194500
194501
194502
194515
194516
194517
194520
194521
194522
194523
194525
194526
194527
194528
194529
194530
194539
194540
194541
194547
194548
194549
194555
194556
194560
194561
194564
194575
194576
194577
194583
194584
194587
194588
194592
194594
194623
194624
194625
194626
194631
194632
194633
194636
194637
194638
194641
194642
194644
194645
194646
194659
194660
194661
194664
194665
194666
194667
194669
194670
194671
194672
194673
194674
194683
194684
194685
194691
194692
194693
194699
194700
194704
194705
194708
194719
194720
194721
194727
194728
194731
194732
194736
194738
194761
194762
194763
194766
194767
194768
194771
194772
194774
194775
194777
194778
194797
194798
194799
194802
194803
194804
194807
194808
194810
194811
194813
194814
194815
194816
194817
194823
194824
194825
194831
194832
194836
194837
194841
194843
194851
194852
194853
194859
194860
194861
194867
194868
194872
194873
194877
194879
194911
194912
194913
194914
194919
194920
194921
194924
194925
194926
194929
194930
194932
194933
194934
194947
194948
194949
194952
194953
194954
194955
194957
194958
194959
194960
194961
194962
194971
194972
194973
194979
194980
194981
194987
194988
194992
194993
194996
195007
195008
195009
195015
195016
195019
195020
195024
195026
195055
195056
195057
195058
195063
195064
195065
195068
195069
195070
195073
195074
195076
195077
195078
195091
195092
195093
195096
195097
195098
195099
195101
195102
195103
195104
195105
195106
195115
195116
195117
195123
195124
195125
195131
195132
195136
195137
195140
195151
195152
195153
195159
195160
195163
195164
195168
195170
195193
195194
195195
195198
195199
195200
195203
195204
195206
195207
195209
195210
195223
195224
195225
195228
195229
195230
195231
195233
195234
195235
195236
195237
195243
195244
195245
195251
195252
195256
195257
195261
195263
195271
195272
195273
195279
195280
195283
195284
195288
195290
195295
195296
195297
195298
195307
195308
195309
195321
195322
195323
195329
195330
195331
195354
195355
195356
195357
195362
195363
195364
195377
195378
195379
195382
195383
195384
195400
195401
195402
195403
195408
195409
195410
195423
195424
195425
195428
195429
195430
195433
195434
195435
195436
195445
195446
195447
195459
195460
195461
195467
195468
195469
195492
195493
195494
195495
195500
195501
195502
195515
195516
195517
195520
195521
195522
195525
195526
195527
195528
195537
195538
195539
195551
195552
195553
195559
195560
195561
195584
195585
195586
195587
195592
195593
195594
195607
195608
195609
195612
195613
195614
195617
195618
195619
195620
195629
195630
195631
195643
195644
195645
195651
195652
195653
195663
195664
195665
195671
195672
195676
195677
195678
195684
195685
195689
195690
195691
195697
195698
195702
195703
195704
195710
195711
195715
195716
195717
195723
195724
195743
195744
195748
195749
195753
195754
195758
195759
195763
195764
195768
195769
195773
195774
195778
195779
195783
195784
195788
195789
195843
195844
195845
195848
195849
195851
195852
195853
195856
195857
195859
195860
195861
195864
195865
195867
195868
195869
195872
195873
195875
195876
195877
195880
195881
195913
195914
195916
195917
195919
195920
195922
195923
195925
195926
195928
195929
195931
195932
195934
195935
195937
195938
195940
195941
195983
195984
195985
195988
195989
195991
195992
195993
195996
195997
195999
196000
196001
196004
196005
196007
196008
196009
196012
196013
196015
196016
196017
196020
196021
196053
196054
196056
196057
196059
196060
196062
196063
196065
196066
196068
196069
196071
196072
196074
196075
196077
196078
196080
196081
196083
196084
196085
196091
196092
196096
196097
196098
196104
196105
196109
196110
196111
196117
196118
196122
196123
196124
196130
196131
196135
196136
196137
196143
196144
196163
196164
196168
196169
196173
196174
196178
196179
196183
196184
196188
196189
196193
196194
196198
196199
196203
196204
196208
196209
196263
196264
196265
196266
196271
196272
196273
196276
196277
196278
196281
196282
196284
196285
196286
196289
196290
196292
196293
196294
196297
196298
196300
196301
196302
196333
196334
196335
196338
196339
196340
196343
196344
196346
196347
196349
196350
196352
196353
196355
196356
196358
196359
196361
196362
196363
196364
196365
196366
196375
196376
196377
196383
196384
196385
196391
196392
196396
196397
196398
196404
196405
196409
196410
196411
196417
196418
196422
196423
196426
196443
196444
196445
196451
196452
196453
196459
196460
196464
196465
196469
196470
196474
196475
196479
196480
196484
196485
196489
196491
196543
196544
196545
196546
196551
196552
196553
196556
196557
196558
196561
196562
196564
196565
196566
196569
196570
196572
196573
196574
196577
196578
196580
196581
196582
196613
196614
196615
196618
196619
196620
196623
196624
196626
196627
196629
196630
196632
196633
196635
196636
196638
196639
196641
196642
196643
196644
196645
196646
196655
196656
196657
196663
196664
196665
196671
196672
196676
196677
196678
196684
196685
196689
196690
196691
196697
196698
196702
196703
196706
196723
196724
196725
196731
196732
196733
196739
196740
196744
196745
196749
196750
196754
196755
196759
196760
196764
196765
196769
196771
196799
196800
196801
196802
196807
196808
196809
196812
196813
196814
196827
196828
196829
196832
196833
196834
196837
196838
196839
196840
196841
196842
196851
196852
196853
196859
196860
196863
196871
196872
196873
196879
196880
196883
196903
196904
196905
196906
196911
196912
196913
196916
196917
196918
196930
196931
196932
196935
196936
196937
196939
196940
196941
196942
196943
196949
196950
196951
196957
196959
196965
196966
196967
196973
196974
196975
196980
196982
197002
197003
197004
197005
197009
197010
197011
197014
197015
197016
197025
197026
197027
197030
197031
197032
197033
197034
197035
197036
197044
197045
197046
197052
197053
197056
197063
197064
197065
197071
197072
197075
197087
197088
197090
197091
197093
197094
197103
197104
197106
197107
197109
197110
197111
197112
197116
197117
197121
197123
197127
197128
197132
197133
197137
197139
197154
197155
197156
197159
197160
197162
197163
197164
197170
197171
197173
197174
197175
197176
197177
197183
197184
197188
197189
197192
197197
197198
197202
197204
197222
197223
197224
197225
197229
197230
197231
197234
197235
197236
197245
197246
197247
197250
197251
197252
197253
197254
197255
197256
197264
197265
197266
197272
197273
197276
197283
197284
197285
197291
197292
197295
197311
197312
197313
197316
197317
197318
197321
197322
197334
197335
197336
197339
197340
197341
197343
197344
197345
197346
197347
197353
197354
197355
197361
197363
197369
197370
197371
197377
197378
197379
197384
197386
197402
197403
197404
197407
197408
197410
197411
197412
197418
197419
197421
197422
197423
197424
197425
197431
197432
197436
197437
197440
197445
197446
197450
197452
197470
197471
197472
197473
197477
197478
197479
197482
197483
197484
197493
197494
197495
197498
197499
197500
197501
197502
197503
197504
197512
197513
197514
197520
197521
197524
197531
197532
197533
197539
197540
197543
197555
197556
197558
197559
197561
197562
197568
197569
197571
197572
197573
197574
197578
197579
197583
197585
197589
197590
197594
197596
197599
197600
197601
197602
197611
197612
197613
197625
197626
197627
197633
197634
197635
197658
197659
197660
197661
197666
197667
197668
197678
197679
197680
197683
197684
197698
197699
197700
197701
197706
197707
197708
197718
197719
197720
197723
197724
197725
197726
197727
197733
197734
197735
197745
197746
197747
197753
197754
197769
197770
197771
197774
197775
197776
197786
197787
197788
197791
197792
197793
197794
197795
197801
197802
197803
197813
197814
197815
197821
197822
197827
197828
197829
197835
197836
197837
197847
197848
197849
197855
197856
197871
197872
197873
197876
197877
197878
197888
197889
197890
197893
197894
197895
197896
197897
197903
197904
197905
197915
197916
197917
197923
197924
197939
197940
197941
197944
197945
197946
197956
197957
197958
197961
197962
197973
197974
197975
197978
197979
197980
197990
197991
197992
197995
197996
197997
197998
197999
198005
198006
198007
198017
198018
198019
198025
198026
198031
198032
198033
198039
198040
198044
198045
198046
198052
198053
198057
198058
198059
198065
198066
198070
198071
198072
198078
198079
198083
198084
198087
198101
198102
198106
198107
198111
198112
198116
198117
198121
198122
198126
198127
198131
198132
198136
198137
198141
198143
198188
198189
198190
198193
198194
198196
198197
198198
198201
198202
198204
198205
198206
198209
198210
198212
198213
198214
198217
198218
198237
198238
198240
198241
198242
198244
198245
198246
198248
198249
198250
198252
198253
198254
198290
198291
198292
198295
198296
198298
198299
198300
198303
198304
198306
198307
198308
198311
198312
198314
198315
198316
198319
198320
198322
198323
198324
198342
198343
198345
198346
198347
198349
198350
198351
198353
198354
198355
198357
198358
198359
198360
198364
198365
198369
198370
198374
198375
198379
198380
198384
198385
198389
198390
198394
198395
198399
198401
198411
198412
198416
198418
198419
198423
198425
198426
198430
198432
198433
198437
198439
198471
198472
198474
198475
198477
198478
198480
198481
198483
198484
198486
198487
198489
198490
198492
198493
198495
198496
198514
198515
198517
198518
198519
198521
198522
198523
198525
198526
198527
198529
198530
198531
198535
198536
198540
198541
198545
198546
198550
198551
198555
198556
198560
198561
198565
198566
198570
198572
198582
198583
198587
198589
198590
198594
198596
198597
198601
198603
198604
198608
198610
198616
198617
198621
198622
198626
198627
198631
198632
198636
198637
198641
198642
198646
198647
198651
198652
198656
198658
198668
198669
198673
198675
198676
198680
198682
198683
198687
198689
198690
198694
198727
198728
198730
198731
198733
198734
198736
198737
198739
198740
198742
198743
198745
198746
198748
198749
198751
198752
198770
198771
198773
198774
198775
198777
198778
198779
198781
198782
198783
198785
198812
198813
198815
198816
198818
198819
198821
198822
198824
198825
198827
198828
198830
198831
198833
198834
198836
198837
198855
198856
198858
198859
198860
198862
198863
198864
198866
198867
198868
198870
198871
198872
198873
198877
198878
198882
198883
198887
198888
198892
198893
198897
198898
198902
198903
198907
198908
198912
198914
198924
198925
198929
198931
198932
198936
198938
198939
198943
198945
198946
198950
198952
198984
198985
198987
198988
198990
198991
198993
198994
198996
198997
198999
199000
199002
199003
199005
199006
199008
199009
199027
199028
199030
199031
199032
199034
199035
199036
199038
199039
199040
199042
199043
199044
199045
199049
199050
199054
199055
199059
199060
199064
199065
199069
199070
199074
199075
199079
199080
199084
199086
199096
199097
199101
199103
199104
199108
199110
199111
199115
199117
199118
199122
199124
199130
199131
199132
199133
199142
199143
199144
199150
199151
199152
199158
199159
199172
199173
199174
199180
199181
199182
199188
199189
199193
199194
199225
199226
199227
199228
199233
199234
199235
199238
199239
199240
199243
199244
199262
199263
199264
199267
199268
199269
199272
199273
199275
199276
199278
199279
199280
199286
199287
199291
199292
199293
199299
199300
199310
199311
199315
199316
199320
199321
199325
199326
199350
199351
199352
199355
199356
199358
199359
199360
199363
199364
199378
199379
199381
199382
199384
199385
199387
199388
199390
199391
199392
199398
199399
199403
199404
199405
199411
199412
199422
199423
199427
199428
199432
199433
199437
199438
199462
199463
199464
199467
199468
199470
199471
199472
199475
199476
199490
199491
199493
199494
199496
199497
199499
199500
199502
199503
199504
199510
199511
199515
199516
199517
199523
199524
199534
199535
199539
199540
199544
199545
199549
199550
199569
199570
199571
199574
199575
199577
199578
199579
199588
199589
199591
199592
199594
199595
199596
199597
199598
199604
199605
199609
199610
199611
199617
199618
199628
199629
199633
199635
199636
199640
199660
199661
199662
199665
199666
199668
199669
199670
199673
199674
199684
199685
199687
199688
199689
199691
199692
199693
199694
199700
199701
199705
199706
199707
199713
199714
199724
199725
199729
199731
199732
199736
199756
199757
199758
199761
199762
199764
199765
199766
199769
199770
199780
199781
199783
199784
199785
199787
199788
199789
199790
199791
199800
199801
199804
199805
199806
199812
199820
199821
199822
199828
199830
199831
199852
199853
199854
199855
199860
199861
199862
199863
199864
199867
199876
199877
199878
199881
199882
199883
199884
199885
199886
199887
199896
199897
199900
199901
199902
199908
199916
199917
199918
199924
199926
199927
199948
199949
199950
199951
199956
199957
199958
199959
199960
199963
199972
199973
199974
199977
199978
199979
199996
199997
199998
200001
200002
200004
200005
200006
200009
200010
200020
200021
200023
200024
200025
200027
200028
200029
200030
200036
200037
200041
200042
200043
200049
200050
200060
200061
200065
200067
200068
200072
200092
200093
200094
200097
200098
200100
200101
200102
200105
200106
200116
200117
200119
200120
200121
200123
200124
200125
200126
200132
200133
200137
200138
200139
200145
200146
200156
200157
200161
200163
200164
200168
200172
200173
200174
200180
200181
200185
200186
200187
200193
200194
200204
200205
200209
200211
200212
200216
200236
200237
200238
200241
200242
200244
200245
200246
200249
200250
200260
200261
200263
200264
200265
200267
200268
200269
200270
200276
200277
200281
200282
200283
200289
200290
200300
200301
200305
200307
200308
200312
200327
200328
200329
200332
200333
200335
200336
200337
200343
200344
200346
200347
200348
200349
200350
200351
200360
200361
200364
200365
200366
200372
200380
200381
200382
200388
200390
200391
200412
200413
200414
200415
200420
200421
200422
200423
200424
200427
200436
200437
200438
200441
200442
200443
200444
200445
200446
200447
200455
200456
200459
200460
200461
200467
200474
200475
200476
200482
200484
200485
200505
200506
200507
200508
200512
200513
200514
200515
200516
200519
200528
200529
200530
200533
200534
200535
200536
200537
200538
200544
200545
200546
200552
200554
200560
200561
200562
200568
200569
200572
200588
200589
200590
200593
200594
200595
200598
200599
200608
200609
200610
200613
200614
200615
200616
200617
200618
200624
200625
200626
200632
200634
200640
200641
200642
200648
200649
200652
200668
200669
200670
200673
200674
200675
200678
200679
200688
200689
200690
200693
200694
200695
200696
200697
200701
200702
200706
200707
200711
200712
200720
200721
200725
200727
200728
200732
200748
200749
200751
200752
200754
200755
200757
200758
200768
200769
200771
200772
200773
200775
200776
200777
200781
200782
200786
200787
200791
200792
200800
200801
200805
200807
200808
200812
200828
200829
200831
200832
200834
200835
200837
200838
200848
200849
200851
200852
200853
200855
200856
200857
200861
200862
200866
200867
200871
200872
200880
200881
200885
200887
200888
200892
200908
200909
200911
200912
200914
200915
200917
200918
200928
200929
200931
200932
200933
200935
200936
200937
200941
200942
200946
200947
200951
200952
200960
200961
200965
200967
200968
200972
200984
200985
200987
200988
200990
200991
200997
200998
201000
201001
201002
201003
201007
201008
201012
201013
201017
201018
201026
201027
201031
201033
201034
201038
201054
201055
201057
201058
201060
201061
201063
201064
201074
201075
201077
201078
201079
201081
201082
201083
201087
201088
201092
201093
201097
201098
201106
201107
201111
201113
201114
201118
201134
201135
201137
201138
201140
201141
201143
201144
201154
201155
201157
201158
201159
201161
201162
201163
201167
201168
201172
201173
201177
201178
201186
201187
201191
201192
201196
201198
201214
201215
201217
201218
201220
201221
201223
201224
201234
201235
201237
201238
201240
201241
201242
201243
201247
201248
201252
201253
201257
201258
201266
201267
201271
201272
201276
201278
201294
201295
201297
201298
201300
201301
201303
201304
201314
201315
201317
201318
201320
201321
201322
201323
201324
201330
201331
201332
201338
201340
201346
201347
201348
201354
201355
201358
201374
201375
201376
201379
201380
201381
201384
201385
201394
201395
201396
201399
201400
201401
201402
201403
201404
201410
201411
201412
201418
201420
201426
201427
201428
201434
201435
201438
201450
201451
201453
201454
201456
201457
201463
201464
201466
201467
208997
208998
209156
209244
209287
