1
3
5
7
9
11
19
21
23
31
33
35
39
41
45
47
57
59
69
71
577
579
581
583
585
587
595
597
599
607
609
611
615
621
633
645
1153
1155
1157
1159
1161
1163
1171
1173
1175
1183
1185
1187
1191
1197
1209
1221
1729
1731
1733
1735
1737
1739
1747
1749
1751
1759
1761
1763
1767
1773
1785
1797
2305
2307
2309
2311
2313
2315
2323
2325
2327
2335
2337
2339
2343
2349
2361
2373
2881
2883
2885
2887
2889
2891
2899
2901
2903
2911
2913
2915
2919
2925
2937
2949
3532
3534
3538
3540
3550
3552
3562
3564
3568
3570
3574
3576
3586
3588
3598
3600
4108
4110
4114
4116
4126
4128
4138
4140
4144
4146
4150
4152
4162
4164
4174
4176
4684
4686
4690
4692
4702
4704
4714
4716
4720
4722
4726
4728
4738
4740
4750
4752
5260
5262
5266
5268
5278
5280
5290
5292
5296
5298
5302
5304
5314
5316
5326
5328
5836
5838
5842
5844
5854
5856
5866
5868
5872
5874
5878
5880
5890
5892
5902
5904
6412
6414
6418
6420
6430
6432
6442
6444
6448
6450
6454
6456
6466
6468
6478
6480
6915
6917
6921
6923
6933
6935
6945
6947
6951
6953
6957
6959
6969
6971
6981
6983
7491
7493
7497
7499
7509
7511
7521
7523
7527
7529
7533
7535
7545
7547
7557
7559
8067
8069
8073
8075
8085
8087
8097
8099
8103
8105
8109
8111
8121
8123
8133
8135
8643
8645
8649
8651
8661
8663
8673
8675
8679
8681
8685
8687
8697
8699
8709
8711
9292
9294
9298
9300
9310
9312
9322
9324
9328
9330
9334
9336
9346
9348
9358
9360
9868
9870
9874
9876
9886
9888
9898
9900
9904
9906
9910
9912
9922
9924
9934
9936
10444
10446
10450
10452
10462
10464
10474
10476
10480
10482
10486
10488
10498
10500
10510
10512
11020
11022
11026
11028
11038
11040
11050
11052
11056
11062
11074
11086
11599
11601
11603
11611
11613
11615
11623
11625
11627
11637
11639
11649
11651
11661
11663
12103
12105
12107
12115
12117
12119
12127
12129
12131
12141
12153
12165
12679
12681
12683
12691
12693
12695
12703
12705
12707
12717
12729
12741
13255
13257
13259
13267
13269
13271
13279
13281
13283
13293
13305
13317
13831
13833
13835
13843
13845
13847
13855
13857
13859
13869
13881
13893
14407
14409
14411
14419
14421
14423
14431
14433
14435
14445
14457
14469
15058
15060
15070
15072
15082
15084
15094
15096
15106
15108
15118
15120
15634
15636
15646
15648
15658
15660
15670
15672
15682
15684
15694
15696
16210
16212
16222
16224
16234
16236
16246
16248
16258
16260
16270
16272
16786
16788
16798
16800
16810
16812
16822
16824
16834
16836
16846
16848
17362
17364
17374
17376
17386
17388
17398
17400
17410
17412
17422
17424
17938
17940
17950
17952
17962
17964
17974
17976
17986
17988
17998
18000
18441
18443
18453
18455
18465
18467
18477
18479
18489
18491
18501
18503
19017
19019
19029
19031
19041
19043
19053
19055
19065
19067
19077
19079
19593
19595
19605
19607
19617
19619
19629
19631
19641
19643
19653
19655
20169
20171
20181
20183
20193
20195
20205
20207
20217
20219
20229
20231
20818
20820
20830
20832
20842
20844
20854
20856
20866
20868
20878
20880
21394
21396
21406
21408
21418
21420
21430
21432
21442
21444
21454
21456
21970
21972
21982
21984
21994
21996
22006
22008
22018
22020
22030
22032
22546
22548
22558
22560
22570
22572
22582
22594
22606
23407
23409
23411
23419
23421
23423
23431
23433
23435
23445
23447
23457
23459
23469
23471
23546
23548
23550
23552
23554
23556
23564
23566
23568
23584
23590
23602
23697
23699
23709
23711
23721
23723
23733
23735
23745
23747
23757
23759
23763
23765
23769
23771
23781
23783
23799
23801
23805
23807
23817
23819
23912
23914
23916
23924
23926
23928
23936
23938
23940
23950
23962
23974
23986
23988
23998
24000
24010
24012
24022
24024
24034
24036
24046
24048
26649
26651
26661
26663
26673
26675
26685
26687
26697
26699
26709
26711
27081
27083
27093
27095
27105
27107
27117
27119
27129
27131
27141
27143
27657
27659
27669
27671
27681
27683
27693
27695
27705
27707
27717
27719
28306
28308
28318
28320
28330
28332
28342
28344
28354
28356
28366
28368
28450
28452
28462
28464
28474
28476
28486
28488
28498
28500
28510
28512
28594
28596
28606
28608
28618
28620
28630
28632
28642
28644
28654
28656
29959
29961
29963
29971
29973
29975
29983
29985
29987
29997
29999
30009
30011
30021
30023
30249
30251
30261
30263
30273
30275
30285
30287
30297
30299
30309
30311
30537
30539
30549
30551
30561
30563
30573
30575
30585
30587
30597
30599
30898
30900
30910
30912
30922
30924
30934
30946
30958
32338
32340
32350
32352
32362
32364
32374
32376
32386
32388
32398
32400
32626
32628
32638
32640
32650
32652
32662
32664
32674
32676
32686
32688
32914
32916
32926
32928
32938
32940
32950
32952
32962
32964
32974
32976
33129
33131
33141
33143
33153
33155
33165
33177
33189
34658
34660
34662
34664
34666
34668
34684
34686
34690
34692
34994
34996
34998
35000
35002
35004
35020
35026
35378
35380
35382
35384
35386
35388
35404
35410
35762
35764
35766
35768
35770
35772
35788
35794
36146
36148
36150
36152
36154
36156
36172
36178
36530
36532
36534
36536
36538
36540
36556
36562
36867
36869
36873
36875
36891
36893
36897
36899
37251
37253
37257
37259
37275
37277
37281
37283
37635
37637
37641
37643
37659
37661
37665
37667
38019
38021
38025
38027
38043
38045
38049
38051
38403
38405
38409
38411
38427
38429
38433
38435
38787
38789
38793
38795
38811
38813
38817
38819
39171
39173
39177
39179
39195
39197
39201
39203
39555
39557
39561
39563
39579
39581
39585
39587
39939
39941
39945
39947
39963
39965
39969
39971
40323
40325
40329
40331
40347
40349
40353
40355
40756
40758
40762
40764
40780
40782
40786
40788
41140
41142
41146
41148
41164
41166
41170
41172
41524
41526
41530
41532
41548
41550
41554
41556
41908
41910
41914
41916
41932
41938
139373
139377
139380
139384
139387
139391
139394
139397
139400
139403
139406
139409
139601
139605
139608
139612
139615
139619
139622
139625
139627
139630
139632
139635
139805
139809
139812
139816
139819
139823
139826
139829
139831
139834
139836
139839
140009
140013
140016
140020
140023
140027
140030
140033
140035
140038
140040
140043
140213
140217
140220
140224
140227
140231
140234
140237
140239
140242
140244
140247
140417
140421
140424
140428
140431
140435
140438
140441
140443
140446
140448
140451
140658
140660
140662
140664
140666
140668
140670
140672
140674
140676
140678
140680
140862
140864
140866
140868
140870
140872
140874
140876
140878
140880
140882
140884
141066
141068
141070
141072
141074
141076
141078
141080
141082
141084
141086
141088
141270
141272
141274
141276
141278
141280
141282
141284
141286
141288
141290
141292
141474
141476
141478
141480
141482
141484
141486
141488
141490
141492
141494
141496
141678
141680
141682
141684
141686
141688
141690
141692
141694
141696
141698
141700
141845
141848
141851
141854
141857
141860
141863
141866
141869
141872
141875
141878
142049
142052
142055
142058
142061
142064
142067
142070
142073
142076
142079
142082
142253
142256
142259
142262
142265
142268
142271
142274
142277
142280
142283
142286
142457
142460
142463
142466
142469
142472
142475
142478
142481
142484
142487
142490
142698
142700
142702
142704
142706
142708
142710
142712
142714
142716
142718
142720
142902
142904
142906
142908
142910
142912
142914
142916
142918
142920
142922
142924
143106
143108
143110
143112
143114
143116
143118
143120
143122
143124
143126
143128
143307
143309
143311
143313
143315
143317
143319
143320
143322
143323
143325
143326
143492
143496
143499
143503
143506
143510
143513
143516
143519
143522
143525
143528
143681
143685
143688
143692
143695
143699
143702
143705
143707
143710
143712
143715
143885
143889
143892
143896
143899
143903
143906
143909
143911
143914
143916
143919
144089
144093
144096
144100
144103
144107
144110
144113
144115
144118
144120
144123
144293
144297
144300
144304
144307
144311
144314
144317
144319
144322
144324
144327
144497
144501
144504
144508
144511
144515
144518
144521
144523
144526
144528
144531
144738
144740
144742
144744
144746
144748
144750
144752
144754
144756
144758
144760
144942
144944
144946
144948
144950
144952
144954
144956
144958
144960
144962
144964
145146
145148
145150
145152
145154
145156
145158
145160
145162
145164
145166
145168
145350
145352
145354
145356
145358
145360
145362
145364
145366
145368
145370
145372
145554
145556
145558
145560
145562
145564
145566
145568
145570
145572
145574
145576
145758
145760
145762
145764
145766
145768
145770
145772
145774
145776
145778
145780
145925
145928
145931
145934
145937
145940
145943
145946
145949
145952
145955
145958
146129
146132
146135
146138
146141
146144
146147
146150
146153
146156
146159
146162
146333
146336
146339
146342
146345
146348
146351
146354
146357
146360
146363
146366
146537
146540
146543
146546
146549
146552
146555
146558
146561
146564
146567
146570
146778
146780
146782
146784
146786
146788
146790
146792
146794
146796
146798
146800
146982
146984
146986
146988
146990
146992
146994
146996
146998
147000
147002
147004
147186
147188
147190
147192
147194
147196
147198
147200
147202
147204
147206
147208
147387
147389
147391
147393
147395
147397
147399
147400
147402
147403
147405
147406
147716
147720
147723
147727
147730
147734
147737
147740
147743
147746
147749
147752
147779
147783
147786
147790
147793
147797
147800
147803
147806
147809
147812
147815
147830
147832
147834
147836
147838
147840
147842
147844
147846
147848
147850
147852
147856
147860
147863
147867
147870
147874
147877
147880
147883
147886
147889
147892
147906
147909
147911
147914
147916
147919
147921
147922
147924
147925
147927
147928
147931
147935
147938
147942
147945
147949
147952
147955
147958
147961
147964
147967
148841
148844
148847
148850
148853
148856
148859
148862
148865
148868
148871
148874
148985
148988
148991
148994
148997
149000
149003
149006
149009
149012
149015
149018
149189
149192
149195
149198
149201
149204
149207
149210
149213
149216
149219
149222
149430
149432
149434
149436
149438
149440
149442
149444
149446
149448
149450
149452
149490
149492
149494
149496
149498
149500
149502
149504
149506
149508
149510
149512
149550
149552
149554
149556
149558
149560
149562
149564
149566
149568
149570
149572
150005
150009
150012
150016
150019
150023
150026
150029
150032
150035
150038
150041
150125
150128
150131
150134
150137
150140
150143
150146
150149
150152
150155
150158
150233
150236
150239
150242
150245
150248
150251
150254
150257
150260
150263
150266
150375
150377
150379
150381
150383
150385
150387
150388
150390
150391
150393
150394
150858
150860
150862
150864
150866
150868
150870
150872
150874
150876
150878
150880
150966
150968
150970
150972
150974
150976
150978
150980
150982
150984
150986
150988
151074
151076
151078
151080
151082
151084
151086
151088
151090
151092
151094
151096
151145
151148
151151
151154
151157
151160
151163
151166
151168
151171
151173
151176
151666
151669
151671
151674
151676
151678
151680
151682
151790
151793
151795
151798
151800
151801
151803
151804
151926
151929
151931
151934
151936
151937
151939
151940
152062
152065
152067
152070
152072
152073
152075
152076
152198
152201
152203
152206
152208
152209
152211
152212
152334
152337
152339
152342
152344
152345
152347
152348
152445
152448
152451
152454
152457
152460
152463
152466
152581
152584
152587
152590
152593
152596
152599
152602
152717
152720
152723
152726
152729
152732
152735
152738
152853
152856
152859
152862
152865
152868
152871
152874
152989
152992
152995
152998
153001
153004
153007
153010
153125
153128
153131
153134
153137
153140
153143
153146
153261
153264
153267
153270
153273
153276
153279
153282
153397
153400
153403
153406
153409
153412
153415
153418
153533
153536
153539
153542
153545
153548
153551
153554
153669
153672
153675
153678
153681
153684
153687
153690
153830
153832
153834
153836
153838
153840
153842
153844
153966
153968
153970
153972
153974
153976
153978
153980
154102
154104
154106
154108
154110
154112
154114
154116
154236
154238
154240
154242
154244
154245
154247
154248
154383
154386
154388
154390
154413
154417
154420
154423
154433
154437
154440
154443
154486
154489
154491
154493
154531
154534
154536
154538
154575
154579
154582
154584
154637
154639
154641
154643
154691
154693
154695
154697
154733
154736
154738
154740
154743
154747
154750
154753
154803
154807
154810
154813
154872
154875
154877
154879
155063
155066
155068
155070
155071
155073
155075
155077
155079
155081
155083
155085
155088
155090
155092
155094
155095
155099
155102
155105
155110
155114
155117
155120
155578
155580
155582
155584
155587
155589
155591
155592
155693
155694
155697
155699
155700
155703
155705
155706
155709
155711
155713
155715
155717
155719
155721
155828
155829
155832
155834
155835
155838
155840
155841
155844
155846
155848
155850
155936
155937
155940
155942
155943
155946
155948
155949
155952
155954
155956
155958
156044
156045
156048
156050
156051
156054
156056
156057
156060
156062
156064
156066
156152
156153
156156
156158
156159
156162
156164
156165
156168
156170
156172
156174
156260
156261
156264
156266
156267
156270
156272
156273
156276
156278
156280
156282
156392
156393
156394
156395
156396
156397
156398
156399
156400
156401
156402
156403
156500
156501
156502
156503
156504
156505
156506
156507
156508
156509
156510
156511
156608
156609
156610
156611
156612
156613
156614
156615
156616
156617
156618
156619
156716
156717
156718
156719
156720
156721
156722
156723
156724
156725
156726
156727
156824
156825
156826
156827
156828
156829
156830
156831
156832
156833
156834
156835
156932
156933
156934
156935
156936
156937
156938
156939
156940
156941
156942
156943
157016
157018
157020
157022
157024
157026
157028
157030
157032
157034
157036
157038
157124
157126
157128
157130
157132
157134
157136
157138
157140
157142
157144
157146
157232
157234
157236
157238
157240
157242
157244
157246
157248
157250
157252
157254
157340
157342
157344
157346
157348
157350
157352
157354
157356
157358
157360
157362
157472
157473
157474
157475
157476
157477
157478
157479
157480
157481
157482
157483
157580
157581
157582
157583
157584
157585
157586
157587
157588
157589
157590
157591
157688
157689
157690
157691
157692
157693
157694
157695
157696
157697
157698
157699
157790
157791
157792
157793
157794
157795
157796
157797
157798
157883
157884
157887
157889
157890
157893
157895
157896
157899
157901
157903
157905
157907
157909
157911
157988
157989
157992
157994
157995
157998
158000
158001
158004
158006
158008
158010
158096
158097
158100
158102
158103
158106
158108
158109
158112
158114
158116
158118
158204
158205
158208
158210
158211
158214
158216
158217
158220
158222
158224
158226
158312
158313
158316
158318
158319
158322
158324
158325
158328
158330
158332
158334
158420
158421
158424
158426
158427
158430
158432
158433
158436
158438
158440
158442
158552
158553
158554
158555
158556
158557
158558
158559
158560
158561
158562
158563
158660
158661
158662
158663
158664
158665
158666
158667
158668
158669
158670
158671
158768
158769
158770
158771
158772
158773
158774
158775
158776
158777
158778
158779
158876
158877
158878
158879
158880
158881
158882
158883
158884
158885
158886
158887
158984
158985
158986
158987
158988
158989
158990
158991
158992
158993
158994
158995
159092
159093
159094
159095
159096
159097
159098
159099
159100
159101
159102
159103
159176
159178
159180
159182
159184
159186
159188
159190
159192
159194
159196
159198
159284
159286
159288
159290
159292
159294
159296
159298
159300
159302
159304
159306
159392
159394
159396
159398
159400
159402
159404
159406
159408
159410
159412
159414
159500
159502
159504
159506
159508
159510
159512
159514
159516
159518
159520
159522
159632
159633
159634
159635
159636
159637
159638
159639
159640
159641
159642
159643
159740
159741
159742
159743
159744
159745
159746
159747
159748
159749
159750
159751
159848
159849
159850
159851
159852
159853
159854
159855
159856
159857
159858
159859
159950
159951
159952
159953
159954
159955
159956
159957
159958
160139
160140
160143
160145
160146
160149
160151
160152
160155
160157
160159
160160
160162
160163
160165
160180
160181
160183
160186
160187
160189
160192
160193
160195
160197
160200
160203
160205
160206
160207
160208
160209
160210
160211
160212
160213
160214
160215
160216
160217
160220
160222
160225
160227
160230
160232
160234
160236
160238
160240
160242
160244
160245
160246
160247
160248
160249
160250
160251
160252
160253
160254
160255
160258
160260
160263
160265
160268
160270
160272
160274
160276
160278
160280
160282
160724
160726
160728
160730
160732
160734
160736
160738
160740
160742
160744
160746
160796
160798
160800
160802
160804
160806
160808
160810
160812
160814
160816
160818
160904
160906
160908
160910
160912
160914
160916
160918
160920
160922
160924
160926
161036
161037
161038
161039
161040
161041
161042
161043
161044
161045
161046
161047
161072
161073
161074
161075
161076
161077
161078
161079
161080
161081
161082
161083
161108
161109
161110
161111
161112
161113
161114
161115
161116
161117
161118
161119
161336
161337
161340
161342
161343
161346
161348
161349
161352
161354
161356
161358
161360
161362
161364
161411
161413
161415
161417
161419
161421
161423
161425
161427
161429
161431
161433
161471
161473
161475
161477
161479
161481
161483
161485
161487
161489
161491
161493
161549
161550
161551
161552
161553
161554
161555
161556
161557
161792
161793
161794
161795
161796
161797
161798
161799
161800
161801
161802
161803
161852
161853
161854
161855
161856
161857
161858
161859
161860
161861
161862
161863
161912
161913
161914
161915
161916
161917
161918
161919
161920
161921
161922
161923
161948
161950
161952
161954
161956
161958
161960
161962
161964
162213
162214
162215
162216
162217
162218
162219
162220
162221
162222
162279
162280
162281
162282
162283
162284
162285
162286
162351
162352
162353
162354
162355
162356
162357
162358
162423
162424
162425
162426
162427
162428
162429
162430
162495
162496
162497
162498
162499
162500
162501
162502
162567
162568
162569
162570
162571
162572
162573
162574
162623
162625
162627
162629
162631
162633
162635
162637
162695
162697
162699
162701
162703
162705
162707
162709
162767
162769
162771
162773
162775
162777
162779
162781
162839
162841
162843
162845
162847
162849
162851
162853
162911
162913
162915
162917
162919
162921
162923
162925
162983
162985
162987
162989
162991
162993
162995
162997
163055
163057
163059
163061
163063
163065
163067
163069
163127
163129
163131
163133
163135
163137
163139
163141
163199
163201
163203
163205
163207
163209
163211
163213
163271
163273
163275
163277
163279
163281
163283
163285
163359
163360
163361
163362
163363
163364
163365
163366
163431
163432
163433
163434
163435
163436
163437
163438
163503
163504
163505
163506
163507
163508
163509
163510
163571
163572
163573
163574
163575
163576
