145
147
149
151
153
155
163
165
167
175
177
179
183
185
189
191
201
203
213
215
721
723
725
727
729
731
739
741
743
751
753
755
759
765
777
789
1297
1299
1301
1303
1305
1307
1315
1317
1319
1327
1329
1331
1335
1341
1353
1365
1873
1875
1877
1879
1881
1883
1891
1893
1895
1903
1905
1907
1911
1917
1929
1941
2449
2451
2453
2455
2457
2459
2467
2469
2471
2479
2481
2483
2487
2493
2505
2517
3025
3027
3029
3031
3033
3035
3043
3045
3047
3055
3057
3059
3063
3069
3081
3093
3676
3678
3682
3684
3694
3696
3706
3708
3712
3714
3718
3720
3730
3732
3742
3744
4252
4254
4258
4260
4270
4272
4282
4284
4288
4290
4294
4296
4306
4308
4318
4320
4828
4830
4834
4836
4846
4848
4858
4860
4864
4866
4870
4872
4882
4884
4894
4896
5404
5406
5410
5412
5422
5424
5434
5436
5440
5442
5446
5448
5458
5460
5470
5472
5980
5982
5986
5988
5998
6000
6010
6012
6016
6018
6022
6024
6034
6036
6046
6048
6556
6558
6562
6564
6574
6576
6586
6588
6592
6594
6598
6600
6610
6612
6622
6624
7059
7061
7065
7067
7077
7079
7089
7091
7095
7097
7101
7103
7113
7115
7125
7127
7635
7637
7641
7643
7653
7655
7665
7667
7671
7673
7677
7679
7689
7691
7701
7703
8211
8213
8217
8219
8229
8231
8241
8243
8247
8249
8253
8255
8265
8267
8277
8279
8787
8789
8793
8795
8805
8807
8817
8819
8823
8825
8829
8831
8841
8843
8853
8855
9436
9438
9442
9444
9454
9456
9466
9468
9472
9474
9478
9480
9490
9492
9502
9504
10012
10014
10018
10020
10030
10032
10042
10044
10048
10050
10054
10056
10066
10068
10078
10080
10588
10590
10594
10596
10606
10608
10618
10620
10624
10626
10630
10632
10642
10644
10654
10656
11164
11166
11170
11172
11182
11184
11194
11196
11200
11206
11218
11230
11743
11745
11747
11755
11757
11759
11767
11769
11771
11781
11783
11793
11795
11805
11807
12247
12249
12251
12259
12261
12263
12271
12273
12275
12285
12297
12309
12823
12825
12827
12835
12837
12839
12847
12849
12851
12861
12873
12885
13399
13401
13403
13411
13413
13415
13423
13425
13427
13437
13449
13461
13975
13977
13979
13987
13989
13991
13999
14001
14003
14013
14025
14037
14551
14553
14555
14563
14565
14567
14575
14577
14579
14589
14601
14613
15202
15204
15214
15216
15226
15228
15238
15240
15250
15252
15262
15264
15778
15780
15790
15792
15802
15804
15814
15816
15826
15828
15838
15840
16354
16356
16366
16368
16378
16380
16390
16392
16402
16404
16414
16416
16930
16932
16942
16944
16954
16956
16966
16968
16978
16980
16990
16992
17506
17508
17518
17520
17530
17532
17542
17544
17554
17556
17566
17568
18082
18084
18094
18096
18106
18108
18118
18120
18130
18132
18142
18144
18585
18587
18597
18599
18609
18611
18621
18623
18633
18635
18645
18647
19161
19163
19173
19175
19185
19187
19197
19199
19209
19211
19221
19223
19737
19739
19749
19751
19761
19763
19773
19775
19785
19787
19797
19799
20313
20315
20325
20327
20337
20339
20349
20351
20361
20363
20373
20375
20962
20964
20974
20976
20986
20988
20998
21000
21010
21012
21022
21024
21538
21540
21550
21552
21562
21564
21574
21576
21586
21588
21598
21600
22114
22116
22126
22128
22138
22140
22150
22152
22162
22164
22174
22176
22690
22692
22702
22704
22714
22716
22726
22738
22750
24344
24346
24348
24356
24358
24360
24368
24370
24372
24382
24384
24394
24396
24406
24408
24409
24411
24413
24415
24417
24419
24427
24429
24431
24447
24453
24465
24481
24483
24485
24487
24489
24491
24499
24501
24503
24519
24525
24537
24556
24558
24562
24564
24574
24576
24592
24594
24598
24600
24610
24612
24628
24630
24634
24636
24646
24648
24664
24666
24670
24672
24682
24684
24705
24707
24717
24719
24729
24731
24741
24743
24753
24755
24765
24767
26722
26724
26734
26736
26746
26748
26758
26760
26770
26772
26782
26784
27154
27156
27166
27168
27178
27180
27190
27192
27202
27204
27214
27216
27730
27732
27742
27744
27754
27756
27766
27768
27778
27780
27790
27792
28233
28235
28245
28247
28257
28259
28269
28271
28281
28283
28293
28295
28377
28379
28389
28391
28401
28403
28413
28415
28425
28427
28437
28439
28521
28523
28533
28535
28545
28547
28557
28559
28569
28571
28581
28583
30032
30034
30036
30044
30046
30048
30056
30058
30060
30070
30072
30082
30084
30094
30096
30322
30324
30334
30336
30346
30348
30358
30360
30370
30372
30382
30384
30610
30612
30622
30624
30634
30636
30646
30648
30658
30660
30670
30672
30825
30827
30837
30839
30849
30851
30861
30873
30885
32265
32267
32277
32279
32289
32291
32301
32303
32313
32315
32325
32327
32553
32555
32565
32567
32577
32579
32589
32591
32601
32603
32613
32615
32841
32843
32853
32855
32865
32867
32877
32879
32889
32891
32901
32903
33202
33204
33214
33216
33226
33228
33238
33250
33262
34754
34756
34758
34760
34762
34764
34780
34782
34786
34788
35090
35092
35094
35096
35098
35100
35116
35122
35474
35476
35478
35480
35482
35484
35500
35506
35858
35860
35862
35864
35866
35868
35884
35890
36242
36244
36246
36248
36250
36252
36268
36274
36626
36628
36630
36632
36634
36636
36652
36658
36963
36965
36969
36971
36987
36989
36993
36995
37347
37349
37353
37355
37371
37373
37377
37379
37731
37733
37737
37739
37755
37757
37761
37763
38115
38117
38121
38123
38139
38141
38145
38147
38499
38501
38505
38507
38523
38525
38529
38531
38883
38885
38889
38891
38907
38909
38913
38915
39267
39269
39273
39275
39291
39293
39297
39299
39651
39653
39657
39659
39675
39677
39681
39683
40035
40037
40041
40043
40059
40061
40065
40067
40419
40421
40425
40427
40443
40445
40449
40451
40852
40854
40858
40860
40876
40878
40882
40884
41236
41238
41242
41244
41260
41262
41266
41268
41620
41622
41626
41628
41644
41646
41650
41652
42004
42006
42010
42012
42028
42034
139439
139443
139446
139450
139453
139457
139460
139463
139466
139469
139472
139475
139661
139665
139668
139672
139675
139679
139682
139685
139687
139690
139692
139695
139865
139869
139872
139876
139879
139883
139886
139889
139891
139894
139896
139899
140069
140073
140076
140080
140083
140087
140090
140093
140095
140098
140100
140103
140273
140277
140280
140284
140287
140291
140294
140297
140299
140302
140304
140307
140477
140481
140484
140488
140491
140495
140498
140501
140503
140506
140508
140511
140706
140708
140710
140712
140714
140716
140718
140720
140722
140724
140726
140728
140910
140912
140914
140916
140918
140920
140922
140924
140926
140928
140930
140932
141114
141116
141118
141120
141122
141124
141126
141128
141130
141132
141134
141136
141318
141320
141322
141324
141326
141328
141330
141332
141334
141336
141338
141340
141522
141524
141526
141528
141530
141532
141534
141536
141538
141540
141542
141544
141726
141728
141730
141732
141734
141736
141738
141740
141742
141744
141746
141748
141905
141908
141911
141914
141917
141920
141923
141926
141929
141932
141935
141938
142109
142112
142115
142118
142121
142124
142127
142130
142133
142136
142139
142142
142313
142316
142319
142322
142325
142328
142331
142334
142337
142340
142343
142346
142517
142520
142523
142526
142529
142532
142535
142538
142541
142544
142547
142550
142746
142748
142750
142752
142754
142756
142758
142760
142762
142764
142766
142768
142950
142952
142954
142956
142958
142960
142962
142964
142966
142968
142970
142972
143154
143156
143158
143160
143162
143164
143166
143168
143170
143172
143174
143176
143349
143351
143353
143355
143357
143359
143361
143362
143364
143365
143367
143368
143558
143562
143565
143569
143572
143576
143579
143582
143585
143588
143591
143594
143741
143745
143748
143752
143755
143759
143762
143765
143767
143770
143772
143775
143945
143949
143952
143956
143959
143963
143966
143969
143971
143974
143976
143979
144149
144153
144156
144160
144163
144167
144170
144173
144175
144178
144180
144183
144353
144357
144360
144364
144367
144371
144374
144377
144379
144382
144384
144387
144557
144561
144564
144568
144571
144575
144578
144581
144583
144586
144588
144591
144786
144788
144790
144792
144794
144796
144798
144800
144802
144804
144806
144808
144990
144992
144994
144996
144998
145000
145002
145004
145006
145008
145010
145012
145194
145196
145198
145200
145202
145204
145206
145208
145210
145212
145214
145216
145398
145400
145402
145404
145406
145408
145410
145412
145414
145416
145418
145420
145602
145604
145606
145608
145610
145612
145614
145616
145618
145620
145622
145624
145806
145808
145810
145812
145814
145816
145818
145820
145822
145824
145826
145828
145985
145988
145991
145994
145997
146000
146003
146006
146009
146012
146015
146018
146189
146192
146195
146198
146201
146204
146207
146210
146213
146216
146219
146222
146393
146396
146399
146402
146405
146408
146411
146414
146417
146420
146423
146426
146597
146600
146603
146606
146609
146612
146615
146618
146621
146624
146627
146630
146826
146828
146830
146832
146834
146836
146838
146840
146842
146844
146846
146848
147030
147032
147034
147036
147038
147040
147042
147044
147046
147048
147050
147052
147234
147236
147238
147240
147242
147244
147246
147248
147250
147252
147254
147256
147429
147431
147433
147435
147437
147439
147441
147442
147444
147445
147447
147448
148047
148050
148052
148055
148057
148060
148062
148064
148066
148068
148070
148072
148074
148077
148079
148082
148084
148087
148089
148090
148092
148093
148095
148096
148098
148101
148103
148106
148108
148111
148113
148114
148116
148117
148119
148120
148121
148123
148125
148127
148129
148131
148133
148135
148137
148139
148141
148143
148145
148147
148149
148151
148153
148155
148157
148159
148161
148163
148165
148167
148169
148171
148173
148175
148177
148179
148181
148183
148185
148187
148189
148191
148878
148880
148882
148884
148886
148888
148890
148892
148894
148896
148898
148900
149022
149024
149026
149028
149030
149032
149034
149036
149038
149040
149042
149044
149226
149228
149230
149232
149234
149236
149238
149240
149242
149244
149246
149248
149393
149396
149399
149402
149405
149408
149411
149414
149417
149420
149423
149426
149453
149456
149459
149462
149465
149468
149471
149474
149477
149480
149483
149486
149513
149516
149519
149522
149525
149528
149531
149534
149537
149540
149543
149546
150045
150048
150050
150053
150055
150058
150060
150062
150064
150066
150068
150070
150162
150164
150166
150168
150170
150172
150174
150176
150178
150180
150182
150184
150270
150272
150274
150276
150278
150280
150282
150284
150286
150288
150290
150292
150341
150344
150347
150350
150353
150356
150359
150362
150364
150367
150369
150372
150821
150824
150827
150830
150833
150836
150839
150842
150845
150848
150851
150854
150929
150932
150935
150938
150941
150944
150947
150950
150953
150956
150959
150962
151037
151040
151043
151046
151049
151052
151055
151058
151061
151064
151067
151070
151179
151181
151183
151185
151187
151189
151191
151192
151194
151195
151197
151198
151702
151705
151707
151710
151712
151714
151716
151718
151822
151825
151827
151830
151832
151833
151835
151836
151958
151961
151963
151966
151968
151969
151971
151972
152094
152097
152099
152102
152104
152105
152107
152108
152230
152233
152235
152238
152240
152241
152243
152244
152366
152369
152371
152374
152376
152377
152379
152380
152485
152488
152491
152494
152497
152500
152503
152506
152621
152624
152627
152630
152633
152636
152639
152642
152757
152760
152763
152766
152769
152772
152775
152778
152893
152896
152899
152902
152905
152908
152911
152914
153029
153032
153035
153038
153041
153044
153047
153050
153165
153168
153171
153174
153177
153180
153183
153186
153301
153304
153307
153310
153313
153316
153319
153322
153437
153440
153443
153446
153449
153452
153455
153458
153573
153576
153579
153582
153585
153588
153591
153594
153709
153712
153715
153718
153721
153724
153727
153730
153862
153864
153866
153868
153870
153872
153874
153876
153998
154000
154002
154004
154006
154008
154010
154012
154134
154136
154138
154140
154142
154144
154146
154148
154264
154266
154268
154270
154272
154273
154275
154276
154365
154368
154370
154372
154447
154450
154452
154454
154517
154521
154524
154527
154585
154588
154590
154592
154621
154623
154625
154627
154675
154677
154679
154681
154754
154757
154759
154761
154854
154857
154859
154861
154997
155000
155002
155004
155005
155007
155009
155011
155013
155015
155017
155019
155022
155024
155026
155028
155160
155162
155164
155166
155213
155215
155217
155218
155329
155331
155333
155334
155381
155383
155385
155386
155519
155521
155523
155524
155526
155528
155530
155532
155534
155536
155538
155539
155540
155542
155544
155546
155738
155739
155742
155744
155745
155748
155750
155751
155754
155756
155758
155760
155762
155764
155766
155864
155865
155868
155870
155871
155874
155876
155877
155880
155882
155884
155886
155972
155973
155976
155978
155979
155982
155984
155985
155988
155990
155992
155994
156080
156081
156084
156086
156087
156090
156092
156093
156096
156098
156100
156102
156188
156189
156192
156194
156195
156198
156200
156201
156204
156206
156208
156210
156296
156297
156300
156302
156303
156306
156308
156309
156312
156314
156316
156318
156416
156417
156418
156419
156420
156421
156422
156423
156424
156425
156426
156427
156524
156525
156526
156527
156528
156529
156530
156531
156532
156533
156534
156535
156632
156633
156634
156635
156636
156637
156638
156639
156640
156641
156642
156643
156740
156741
156742
156743
156744
156745
156746
156747
156748
156749
156750
156751
156848
156849
156850
156851
156852
156853
156854
156855
156856
156857
156858
156859
156956
156957
156958
156959
156960
156961
156962
156963
156964
156965
156966
156967
157052
157054
157056
157058
157060
157062
157064
157066
157068
157070
157072
157074
157160
157162
157164
157166
157168
157170
157172
157174
157176
157178
157180
157182
157268
157270
157272
157274
157276
157278
157280
157282
157284
157286
157288
157290
157376
157378
157380
157382
157384
157386
157388
157390
157392
157394
157396
157398
157496
157497
157498
157499
157500
157501
157502
157503
157504
157505
157506
157507
157604
157605
157606
157607
157608
157609
157610
157611
157612
157613
157614
157615
157712
157713
157714
157715
157716
157717
157718
157719
157720
157721
157722
157723
157808
157809
157810
157811
157812
157813
157814
157815
157816
157928
157929
157932
157934
157935
157938
157940
157941
157944
157946
157948
157950
157952
157954
157956
158024
158025
158028
158030
158031
158034
158036
158037
158040
158042
158044
158046
158132
158133
158136
158138
158139
158142
158144
158145
158148
158150
158152
158154
158240
158241
158244
158246
158247
158250
158252
158253
158256
158258
158260
158262
158348
158349
158352
158354
158355
158358
158360
158361
158364
158366
158368
158370
158456
158457
158460
158462
158463
158466
158468
158469
158472
158474
158476
158478
158576
158577
158578
158579
158580
158581
158582
158583
158584
158585
158586
158587
158684
158685
158686
158687
158688
158689
158690
158691
158692
158693
158694
158695
158792
158793
158794
158795
158796
158797
158798
158799
158800
158801
158802
158803
158900
158901
158902
158903
158904
158905
158906
158907
158908
158909
158910
158911
159008
159009
159010
159011
159012
159013
159014
159015
159016
159017
159018
159019
159116
159117
159118
159119
159120
159121
159122
159123
159124
159125
159126
159127
159212
159214
159216
159218
159220
159222
159224
159226
159228
159230
159232
159234
159320
159322
159324
159326
159328
159330
159332
159334
159336
159338
159340
159342
159428
159430
159432
159434
159436
159438
159440
159442
159444
159446
159448
159450
159536
159538
159540
159542
159544
159546
159548
159550
159552
159554
159556
159558
159656
159657
159658
159659
159660
159661
159662
159663
159664
159665
159666
159667
159764
159765
159766
159767
159768
159769
159770
159771
159772
159773
159774
159775
159872
159873
159874
159875
159876
159877
159878
159879
159880
159881
159882
159883
159968
159969
159970
159971
159972
159973
159974
159975
159976
160313
160314
160315
160316
160317
160318
160319
160320
160321
160322
160323
160324
160325
160326
160327
160328
160329
160330
160331
160332
160333
160334
160335
160336
160337
160338
160339
160340
160341
160342
160343
160344
160345
160346
160347
160348
160349
160350
160351
160352
160353
160354
160355
160356
160357
160358
160359
160360
160361
160362
160363
160364
160365
160366
160367
160368
160369
160370
160371
160372
160373
160374
160375
160376
160377
160378
160379
160380
160381
160382
160383
160384
160385
160386
160387
160748
160749
160750
160751
160752
160753
160754
160755
160756
160757
160758
160759
160820
160821
160822
160823
160824
160825
160826
160827
160828
160829
160830
160831
160928
160929
160930
160931
160932
160933
160934
160935
160936
160937
160938
160939
161012
161014
161016
161018
161020
161022
161024
161026
161028
161030
161032
161034
161048
161050
161052
161054
161056
161058
161060
161062
161064
161066
161068
161070
161084
161086
161088
161090
161092
161094
161096
161098
161100
161102
161104
161106
161366
161367
161368
161369
161370
161371
161372
161373
161374
161375
161376
161377
161378
161379
161380
161435
161436
161437
161438
161439
161440
161441
161442
161443
161444
161445
161446
161495
161496
161497
161498
161499
161500
161501
161502
161503
161504
161505
161506
161531
161533
161535
161537
161539
161541
161543
161545
161547
161768
161770
161772
161774
161776
161778
161780
161782
161784
161786
161788
161790
161828
161830
161832
161834
161836
161838
161840
161842
161844
161846
161848
161850
161888
161890
161892
161894
161896
161898
161900
161902
161904
161906
161908
161910
161966
161967
161968
161969
161970
161971
161972
161973
161974
162233
162234
162235
162236
162237
162238
162239
162240
162241
162242
162295
162296
162297
162298
162299
162300
162301
162302
162367
162368
162369
162370
162371
162372
162373
162374
162439
162440
162441
162442
162443
162444
162445
162446
162511
162512
162513
162514
162515
162516
162517
162518
162583
162584
162585
162586
162587
162588
162589
162590
162647
162649
162651
162653
162655
162657
162659
162661
162719
162721
162723
162725
162727
162729
162731
162733
162791
162793
162795
162797
162799
162801
162803
162805
162863
162865
162867
162869
162871
162873
162875
162877
162935
162937
162939
162941
162943
162945
162947
162949
163007
163009
163011
163013
163015
163017
163019
163021
163079
163081
163083
163085
163087
163089
163091
163093
163151
163153
163155
163157
163159
163161
163163
163165
163223
163225
163227
163229
163231
163233
163235
163237
163295
163297
163299
163301
163303
163305
163307
163309
163375
163376
163377
163378
163379
163380
163381
163382
163447
163448
163449
163450
163451
163452
163453
163454
163519
163520
163521
163522
163523
163524
163525
163526
163583
163584
163585
163586
163587
163588
