34609
34611
34613
34635
34637
34945
34947
34949
34971
35329
35331
35333
35355
35713
35715
35717
35739
36097
36099
36101
36123
36481
36483
36485
36507
36916
36918
36940
36942
37300
37302
37324
37326
37684
37686
37708
37710
38068
38070
38092
38094
38452
38454
38476
38478
38836
38838
38860
38862
39220
39222
39244
39246
39604
39606
39628
39630
39988
39990
40012
40014
40372
40374
40396
40398
40707
40709
40731
40733
41091
41093
41115
41117
41475
41477
41499
41501
41859
41861
41883
43321
43323
43325
43327
43329
43331
43339
43341
43343
43351
43353
43355
43363
43365
43367
43383
43385
43389
43391
43401
43403
43413
43415
43425
43427
43927
43929
43931
43939
43941
43943
43951
43953
43955
43963
43965
43967
43975
43977
43979
43989
43991
44001
44003
44013
44015
44025
44027
44037
44039
47048
47050
47052
47060
47062
47064
47072
47074
47076
47084
47086
47088
47096
47098
47100
47110
47112
47122
47124
47134
47136
47146
47148
47158
47160
48122
48124
48126
48128
48130
48132
48140
48142
48144
48152
48154
48156
48164
48166
48168
48184
48186
48190
48192
48202
48204
48214
48216
48226
48228
52082
52084
52086
52088
52090
52092
52100
52102
52104
52112
52114
52116
52124
52126
52128
52144
52146
52150
52152
52162
52164
52174
52176
52186
52188
52201
52203
52205
52207
52209
52211
52219
52221
52223
52231
52233
52235
52243
52245
52247
52263
52265
52269
52271
52281
52283
52293
52295
52305
52307
52445
52447
52449
52451
52459
52463
52471
52475
52483
52487
52505
52507
52519
52531
52543
53285
53287
53289
53291
53299
53303
53311
53315
53323
53327
53345
53347
53359
53371
53383
54007
54011
54019
54023
54031
54035
54043
54047
54055
54059
54067
54071
54079
54083
54091
54095
54103
54107
54115
54119
54481
54483
54485
54487
54489
54491
54495
54499
54503
54507
54511
54515
54519
54523
54527
54545
54547
54559
54571
54583
54966
54968
54970
54972
54980
54984
54992
54996
55004
55008
55026
55028
55030
55032
55040
55044
55052
55056
55064
55068
55328
55332
55340
55344
55352
55356
55364
55368
55376
55380
55388
55400
55412
55424
55436
56166
56168
56170
56172
56180
56184
56192
56196
56204
56208
56226
56228
56240
56252
56264
57006
57008
57010
57012
57020
57024
57032
57036
57044
57048
57066
57068
57080
57092
57104
60724
60728
60732
60736
60740
60744
60748
60752
60756
60760
60764
60768
60772
60776
60780
60788
60792
60800
60804
60812
60816
60824
60828
60836
60840
60847
60851
60859
60863
60871
60875
60883
60887
60895
60899
60907
60911
60919
60923
60931
60935
60943
60947
60955
60959
60967
60971
60979
60983
60991
60995
61003
61007
61015
61019
61027
61031
61039
61043
61051
61055
61063
61067
61075
61079
61088
61092
61100
61104
61112
61116
61124
61128
61136
61140
61148
61152
61160
61164
61172
61176
61184
61188
61196
61200
61208
61212
61220
61224
61232
61236
61244
61248
61256
61260
61268
61280
61292
61304
61316
61327
61331
61339
61343
61351
61355
61363
61367
61375
61379
61387
61399
61411
61423
61435
63314
63316
63318
63328
63330
63337
63339
63341
63351
63353
63368
63370
63372
63382
63384
63391
63393
63395
63405
63407
63409
63411
63413
63423
63425
63434
63436
63438
63448
63450
64948
64952
64956
64964
64968
64975
64979
64987
64991
64994
64998
65002
65010
65014
65021
65025
65033
65037
65047
65051
65059
65063
65072
65076
65084
65088
65096
65100
65108
65119
65123
65131
65144
65148
65156
65167
65171
65179
65190
65194
65202
65213
65217
65225
65238
65242
65250
65261
65265
65273
78385
78387
78389
78391
78393
78395
78397
78399
78401
78405
78407
78411
78413
78417
78419
78427
78429
78431
78433
78435
78437
78447
78449
78453
78455
78460
78462
78466
78468
78472
78474
78478
78480
78484
78486
78490
78492
78502
78504
78508
78510
78520
78522
78526
78528
78529
78531
78533
78535
78537
78539
78541
78543
78545
78549
78555
78561
78571
78573
78575
78577
78579
78581
78591
78597
78602
78604
78606
78608
78610
78612
78614
78616
78618
78622
78628
78634
78644
78646
78648
78650
78652
78654
78664
78670
78673
78675
78677
78679
78681
78683
78685
78687
78689
78693
78695
78699
78701
78705
78707
78715
78717
78719
78735
78737
78746
78748
78750
78752
78754
78756
78758
78760
78762
78766
78768
78772
78774
78778
78780
78788
78790
78792
78808
78810
78824
78826
78828
78830
78832
78834
78842
78844
78846
78862
78864
78868
78870
78880
78882
78895
78897
78899
78901
78903
78905
78913
78915
78917
78933
78935
78939
78941
78951
78953
78967
78969
78973
78975
78985
78987
79004
79006
79010
79012
79022
79024
79039
79041
79045
79047
79057
79059
79076
79078
79082
79084
79094
79096
79108
79110
79114
79116
79126
79132
79143
79145
79149
79151
79161
79167
79180
79182
79186
79188
79198
79204
79215
79217
79221
79223
79233
79239
79251
79253
79257
79259
79269
79271
79275
79277
79288
79290
79294
79296
79306
79308
79312
79314
79323
79325
79329
79331
79341
79343
79347
79349
79360
79362
79366
79368
79378
79380
79384
79386
79395
79397
79401
79403
79413
79415
79419
79421
79432
79434
79438
79440
79450
79452
79456
79458
79467
79469
79473
79475
79485
79487
79491
79493
79510
79512
79528
79530
79545
79547
79551
79553
79563
79569
79582
79584
79588
79590
79600
79606
79617
79619
79623
79625
79635
79641
79654
79656
79660
79662
79672
79678
79689
79691
79695
79697
79707
79713
79726
79728
79732
79734
79744
79750
79761
79763
79767
79769
79779
79785
79798
79800
79816
79831
79833
79837
79839
79849
79851
79868
79870
79874
79876
79886
79888
79903
79905
79909
79911
79921
79923
79940
79942
79946
79948
79958
79960
79977
79979
79983
79985
79995
80001
80014
80016
80020
80022
80032
80038
80049
80051
80055
80057
80067
80073
80086
80088
80092
80094
80104
80110
80115
80117
80121
80123
80133
80139
80152
80154
80158
80160
80170
80176
80187
80189
80193
80195
80205
80211
80230
80232
80248
154424
154427
154429
154431
154475
154479
154482
154485
154719
154723
154726
154729
154817
154820
154822
154824
155122
155125
155127
155129
155130
155133
155135
155137
155147
155149
155151
155152
155193
155196
155199
155201
155229
155232
155235
155238
155264
155267
155270
155272
155291
155294
155297
155300
155315
155317
155319
155320
155359
155362
155365
155368
155404
155406
155408
155410
155647
155650
155652
155654
155655
155657
155659
155661
155663
155665
155667
155669
155672
155674
155676
155678
155680
155682
155684
155685
155686
155688
155690
155692
164348
164349
164350
164351
164356
164357
164358
164361
164362
164363
164366
164367
164369
164370
164371
164374
164375
164377
164378
164379
164382
164383
164385
164386
164387
164388
164389
164390
164393
164394
164395
164398
164399
164401
164402
164404
164405
164407
164408
164410
164411
164413
164414
164416
164417
164733
164734
164735
164741
164742
164746
164747
164748
164754
164755
164759
164760
164761
164767
164768
164772
164773
164774
164780
164781
164785
164786
164787
164793
164794
164798
164799
164803
164804
164808
164809
164813
164814
164818
164819
164823
164824
164828
164829
164833
164834
164838
164839
164843
164844
166671
166672
166673
166678
166679
166684
166685
166686
166691
166692
166697
166698
166699
166704
166705
166710
166711
166712
166717
166718
166723
166724
166725
166730
166731
166735
166736
166740
166741
166745
166746
166750
166751
166755
166756
166760
166761
166765
166766
166770
166771
166775
166776
166780
166781
167453
167454
167455
167456
167461
167462
167463
167466
167467
167468
167471
167472
167474
167475
167476
167479
167480
167482
167483
167484
167487
167488
167490
167491
167492
167493
167494
167495
167498
167499
167500
167503
167504
167506
167507
167509
167510
167512
167513
167515
167516
167518
167519
167521
167522
169843
169844
169845
169846
169851
169852
169853
169856
169857
169858
169861
169862
169864
169865
169866
169869
169870
169872
169873
169874
169877
169878
169880
169881
169882
169883
169884
169885
169888
169889
169890
169893
169894
169896
169897
169899
169900
169902
169903
169905
169906
169908
169909
169911
169912
169913
169914
169915
169916
169921
169922
169923
169926
169927
169928
169931
169932
169934
169935
169936
169939
169940
169942
169943
169944
169947
169948
169950
169951
169952
169953
169954
169955
169958
169959
169960
169963
169964
169966
169967
169969
169970
169972
169973
169975
169976
169978
169979
169981
169982
170033
170034
170035
170038
170039
170040
170043
170044
170046
170047
170049
170050
170052
170053
170055
170056
170058
170059
170061
170062
170063
170064
170065
170068
170069
170070
170071
170073
170074
170075
170077
170078
170079
170081
170082
170348
170349
170350
170356
170357
170358
170364
170365
170369
170370
170374
170375
170379
170380
170384
170385
170389
170390
170394
170396
170398
170399
170400
170406
170407
170410
170411
170415
170417
170418
170422
170424
170425
170429
170431
170613
170614
170618
170619
170623
170624
170628
170629
170633
170634
170638
170639
170643
170644
170648
170649
170653
170654
170658
170659
170663
170664
170668
170669
170673
170674
170678
170679
170683
170684
170688
170689
170693
170694
170698
170699
170703
170704
170708
170709
170853
170854
170855
170856
170865
170866
170867
170873
170874
170875
170881
170882
170886
170887
170888
170894
170895
170899
170900
170901
170907
170908
170912
170913
170916
170918
170919
170920
170926
170927
170930
170931
170935
170937
170938
170942
170944
170945
170949
170951
171076
171077
171078
171084
171085
171086
171091
171092
171096
171097
171101
171102
171106
171107
171111
171112
171116
171117
171120
171122
171126
171127
171128
171134
171135
171136
171141
171142
171146
171147
171151
171152
171156
171157
171161
171162
171166
171167
171170
171172
171243
171244
171246
171247
171249
171250
171252
171253
171255
171256
171258
171259
171261
171262
171264
171265
171267
171268
171270
171271
171273
171274
171276
171277
171278
171280
171281
171282
171284
171285
171286
171288
171289
171290
171292
171561
171562
171563
171569
171570
171571
171576
171577
171581
171582
171586
171587
171591
171592
171596
171597
171601
171602
171605
171607
171611
171612
171613
171618
171619
171622
171623
171626
171629
171630
171633
171636
171637
171640
171642
171873
171874
171875
171878
171879
171880
171883
171884
171886
171887
171889
171890
171892
171893
171895
171896
171898
171899
171901
171902
171903
171904
171905
171908
171909
171910
171911
171913
171914
171915
171917
171918
171919
171921
171922
173663
173664
173665
173668
173669
173671
173672
173673
173676
173677
173679
173680
173681
173684
173685
173687
173688
173689
173692
173693
173695
173696
173697
173700
173701
173703
173704
173706
173707
173709
173710
173712
173713
173715
173716
173718
173719
173721
173722
173724
173725
173727
173728
173730
173731
173733
173734
173736
173737
173739
173740
173742
173743
173745
173746
173748
173749
173751
173752
173754
173755
173757
173758
173760
173761
173763
173764
173766
173767
173769
173770
173772
173773
173775
173776
173778
173779
173781
173782
173784
173785
173787
173788
173790
173791
173793
173794
173796
173797
173799
173800
173802
173803
173805
173806
173808
173809
173811
173812
173814
173815
173817
173818
173820
173821
173823
173824
173826
173827
173829
173830
173832
173833
173835
173836
173838
173839
173841
173842
173844
173845
173847
173848
173850
173851
173853
173854
173856
173857
173859
173860
173862
173863
173865
173866
173868
173869
173871
173872
173874
173875
173877
173878
173880
173881
173883
173884
173886
173887
173889
173890
173892
173893
173895
173896
173898
173899
173901
173902
173904
173905
173907
173908
173910
173911
173913
173914
173916
173917
173919
173920
173922
173923
173925
173926
173928
173929
173931
173932
173934
173935
173937
173938
173940
173941
173943
173944
173946
173947
173948
173950
173951
173952
173954
173955
173956
173958
173959
173960
173962
173963
173964
173966
173967
173969
173970
173972
173973
173975
173976
173978
173979
173981
173982
173984
173985
173987
173988
173990
173991
173993
173994
173996
173997
173998
174000
174001
174002
174004
174005
174006
174008
174009
174010
174012
175203
175204
175205
175208
175209
175211
175212
175214
175215
175217
175218
175219
175222
175223
175225
175226
175228
175229
175231
175232
175233
175236
175237
175239
175240
175242
175243
175245
175246
175247
175250
175251
175253
175254
175256
175257
175259
175260
175261
175264
175265
175267
175268
175270
175271
175273
175274
175275
175278
175279
175281
175282
175284
175285
175937
175938
175939
175942
175943
175945
175946
175948
175949
175951
175952
175954
175955
175957
175958
175960
175961
175963
175964
175965
175968
175969
175971
175972
175974
175975
175977
175978
175980
175981
175983
175984
175986
175987
175989
175990
175992
175993
175995
175996
175998
175999
176001
176002
176004
176005
176007
176008
176010
176011
176013
176014
176016
176017
176019
176020
176022
176023
176024
176026
176027
176029
176030
176032
176033
176034
176036
176037
176039
176040
176042
176043
176044
176046
176047
176049
176050
176052
176053
176054
176056
176057
176059
176060
176062
176063
176064
176066
176067
176069
176070
176072
176073
176074
176076
176077
176079
176080
176082
176083
176084
176086
176087
176089
176090
176092
185068
185069
185070
185071
185076
185077
185078
185081
185082
185083
185086
185087
185089
185090
185091
185094
185095
185096
185099
185100
185102
185103
185105
185106
185107
185110
185111
185113
185114
185115
185118
185119
185121
185122
185124
185125
185127
185128
185130
185131
185133
185134
185135
185138
185139
185140
185143
185144
185146
185147
185149
185150
185151
185154
185155
185156
185159
185160
185162
185163
185165
185166
185168
185169
185171
185172
185174
185175
185177
185178
185180
185181
185183
185184
185186
185187
185189
185190
185191
185192
185197
185198
185199
185202
185203
185204
185207
185208
185210
185211
185212
185215
185216
185217
185218
185220
185221
185222
185223
185226
185227
185229
185230
185231
185234
185235
185237
185238
185240
185241
185242
185244
185245
185246
185247
185248
185253
185254
185255
185258
185259
185260
185263
185264
185266
185267
185268
185271
185272
185273
185274
185276
185277
185278
185279
185282
185283
185285
185286
185287
185290
185291
185293
185294
185296
185297
185298
185300
185301
185302
185303
185304
185309
185310
185311
185314
185315
185316
185319
185320
185322
185323
185324
185327
185328
185329
185332
185333
185335
185336
185338
185339
185340
185343
185344
185346
185347
185348
185349
185350
185352
185353
185355
185356
185357
185358
185359
185360
185365
185366
185367
185370
185371
185372
185375
185376
185378
185379
185380
185383
185384
185385
185388
185389
185391
185392
185394
185395
185396
185399
185400
185402
185403
185404
185405
185406
185408
185409
185411
185412
185413
185414
185415
185418
185419
185421
185422
185423
185426
185427
185429
185430
185431
185434
185435
185437
185438
185439
185440
185441
185443
185444
185446
185447
185449
185450
185452
185453
185455
185456
185458
185459
185460
185461
185462
185465
185466
185468
185469
185470
185473
185474
185476
185477
185478
185481
185482
185484
185485
185486
185487
185488
185490
185491
185493
185494
185496
185497
185499
185500
185502
185503
185505
185506
185507
185508
185509
185512
185513
185514
185515
185518
185519
185520
185521
185524
185525
185526
185527
185528
185529
185532
185533
185534
185535
185538
185539
185540
185541
185544
185545
185546
185547
185548
185549
185552
185553
185554
185555
185558
185559
185560
185561
185564
185565
185566
185567
185568
185569
185572
185573
185574
185575
185578
185579
185580
185581
185584
185585
185586
185587
185588
185589
185592
185593
185594
185597
185598
185599
185600
185601
185604
185605
185606
185607
185608
185609
185612
185613
185614
185617
185618
185619
185620
185621
185624
185625
185626
185627
185628
185629
185632
185633
185634
185637
185638
185639
185640
185641
185644
185645
185646
185647
185648
185649
185652
185653
185654
185657
185658
185659
185660
185661
185664
185665
185666
185667
185668
185669
185672
185673
185674
185677
185678
185679
185680
185681
185684
185685
185686
185689
185690
185691
185692
185693
185696
185697
185698
185701
185702
185703
185704
185705
185708
185709
185710
185713
185714
185715
185716
185717
185720
185721
185722
185725
185726
185727
185728
185729
185732
185733
185734
185737
185738
185739
185740
185741
185744
185745
185746
185749
185750
185751
185752
185753
185756
185757
185758
185761
185762
185763
185764
185765
185768
185769
185770
185773
185774
185775
185776
185777
185780
185781
185782
185785
185786
185787
185788
185789
185792
185793
185794
185797
185798
185799
185800
185801
185804
185805
185806
185809
185810
185811
185812
185813
185816
185817
185818
185821
185822
185823
185824
185825
185828
185829
185830
185833
185834
185835
185836
185838
185839
185841
185842
185843
185844
185846
185847
185849
185850
185851
185852
185854
185855
185857
185858
185860
185861
185863
185864
185866
185867
185868
185870
185871
185872
185874
185875
185877
185878
185880
185881
185883
185884
185886
185887
185888
185890
185891
185892
185894
185895
185897
185898
185900
185901
185903
185904
185906
185907
185908
185910
185911
185912
185914
185915
185917
185918
185920
185921
185923
185924
185926
185927
185928
185930
185931
185932
185934
185935
185937
185938
185940
185941
185943
185944
185946
185947
185948
185950
185951
185952
185954
185955
185957
185958
185960
185961
185963
185964
185966
185967
185968
185970
185971
185972
185974
185975
185977
185978
185980
185981
185983
185984
185986
185987
185988
185990
185991
185992
185994
185995
185997
185998
185999
186000
186002
186003
186004
186005
186006
186009
186010
186011
186012
186015
186016
186017
186018
186021
186022
186023
186024
186025
186026
186029
186030
186031
186032
186035
186036
186037
186038
186041
186042
186043
186044
186045
186046
186049
186050
186051
186052
186055
186056
186057
186058
186061
186062
186063
186064
186065
186066
186069
186070
186071
186072
186075
186076
186077
186078
186081
186082
186083
186084
186085
186087
186088
186090
186091
186093
186094
186096
186097
186099
186100
186101
186103
186104
186105
186107
186108
186110
186111
186113
186114
186116
186117
186119
186120
186121
186123
186124
186125
186127
186128
186130
186131
186133
186134
186136
186137
186139
186140
186141
186143
186144
186145
186147
186148
186150
186151
186153
186154
186156
186157
186159
186160
186161
186163
186164
186165
186166
186169
186170
186171
186174
186175
186176
186177
186178
186181
186182
186183
186184
186185
186186
186189
186190
186191
186194
186195
186196
186197
186198
186201
186202
186203
186204
186205
186206
186209
186210
186211
186214
186215
186216
186217
186218
186221
186222
186223
186224
186225
186227
186228
186230
186231
186232
186233
186235
186236
