34754
34756
34758
34780
34782
35090
35092
35094
35116
35474
35476
35478
35500
35858
35860
35862
35884
36242
36244
36246
36268
36626
36628
36630
36652
36963
36965
36987
36989
37347
37349
37371
37373
37731
37733
37755
37757
38115
38117
38139
38141
38499
38501
38523
38525
38883
38885
38907
38909
39267
39269
39291
39293
39651
39653
39675
39677
40035
40037
40059
40061
40419
40421
40443
40445
40852
40854
40876
40878
41236
41238
41260
41262
41620
41622
41644
41646
42004
42006
42028
42607
42609
42611
42619
42621
42623
42631
42633
42635
42643
42645
42647
42655
42657
42659
42669
42671
42681
42683
42693
42695
42705
42707
42717
42719
43562
43564
43566
43568
43570
43572
43580
43582
43584
43592
43594
43596
43604
43606
43608
43624
43626
43630
43632
43642
43644
43654
43656
43666
43668
44408
44410
44412
44420
44422
44424
44432
44434
44436
44444
44446
44448
44456
44458
44460
44470
44472
44482
44484
44494
44496
44506
44508
44518
44520
45248
45250
45252
45260
45262
45264
45272
45274
45276
45284
45286
45288
45296
45298
45300
45310
45322
45334
45346
45358
45730
45732
45742
45744
45754
45756
45766
45768
45778
45780
45790
45792
45802
45804
45814
45816
45826
45828
45838
45840
46450
46452
46462
46464
46474
46476
46486
46488
46498
46500
46510
46512
46522
46524
46534
46536
46546
46548
46558
46560
47401
47403
47405
47407
47409
47411
47419
47421
47423
47431
47433
47435
47443
47445
47447
47463
47465
47469
47471
47481
47483
47493
47495
47505
47507
48608
48610
48612
48620
48622
48624
48632
48634
48636
48644
48646
48648
48656
48658
48660
48670
48672
48682
48684
48694
48696
48706
48708
48718
48720
50402
50404
50406
50408
50410
50412
50420
50422
50424
50432
50434
50436
50444
50446
50448
50464
50466
50470
50472
50482
50484
50494
50496
50506
50508
50523
50525
50529
50531
50541
50543
50553
50555
50565
50567
50583
50585
50589
50591
50601
50603
50613
50615
50625
50627
50643
50645
50649
50651
50661
50663
50673
50675
50685
50687
50703
50705
50709
50711
50721
50723
50733
50735
50745
50747
50764
50766
50770
50772
50782
50784
50794
50796
50806
50808
50824
50826
50830
50832
50842
50844
50854
50856
50866
50868
52686
52688
52690
52692
52700
52704
52712
52716
52724
52728
52746
52748
52760
52772
52784
53645
53647
53649
53651
53659
53663
53671
53675
53683
53687
53705
53707
53719
53731
53743
55565
55567
55569
55571
55579
55583
55591
55595
55603
55607
55625
55627
55639
55651
55663
56525
56527
56529
56531
56539
56543
56551
56555
56563
56567
56585
56587
56599
56611
56623
58561
58563
58565
58567
58569
58571
58575
58579
58583
58587
58591
58595
58599
58603
58607
58625
58627
58639
58651
58663
58682
58684
58686
58688
58690
58692
58696
58700
58704
58708
58712
58716
58720
58724
58728
58746
58748
58760
58772
58784
58805
58807
58809
58811
58819
58823
58831
58835
58843
58847
58865
58867
58879
58891
58903
58926
58928
58930
58932
58940
58944
58952
58956
58964
58968
58986
58988
59000
59012
59024
62306
62308
62310
62320
62322
62331
62333
62343
62345
62360
62362
62364
62374
62376
62385
62387
62397
62399
62403
62405
62415
62417
62428
62430
62440
62442
62457
62459
62469
62471
62482
62484
62494
62496
62503
62505
62507
62517
62519
62528
62530
62532
62542
62544
62546
62548
62550
62560
62562
62569
62571
62573
62583
62585
64033
64037
64041
64049
64058
64062
64066
64074
64085
64089
64097
64110
64114
64122
64134
64138
64146
64157
64161
64169
64182
64186
64194
64205
64209
64217
70897
70899
70901
70903
70905
70907
70909
70911
70913
70921
70923
70925
70927
70929
70931
70934
70936
70938
70940
70942
70944
70946
70948
70950
70958
70960
70962
70964
70966
70968
70969
70971
70973
70975
70977
70979
70981
70983
70985
70993
70995
70997
70999
71001
71003
71006
71008
71012
71014
71018
71020
71030
71032
71036
71038
71043
71049
71055
71067
71073
71078
71080
71084
71086
71090
71092
71102
71104
71108
71110
71113
71115
71119
71121
71125
71127
71137
71139
71143
71145
71152
71158
71164
71176
71182
71187
71189
71191
71193
71195
71197
71199
71201
71205
71211
71217
71227
71229
71231
71233
71235
71237
71247
71253
71260
71262
71264
71266
71268
71270
71272
71274
71278
71284
71290
71300
71302
71304
71306
71308
71310
71320
71326
71337
71339
71343
71345
71355
71361
71374
71376
71380
71382
71392
71398
71409
71411
71415
71417
71427
71433
71446
71448
71452
71454
71464
71470
71480
71482
71484
71486
71488
71490
71500
71506
71515
71517
71519
71521
71523
71525
71535
71541
71552
71554
71556
71558
71560
71562
71572
71578
71587
71589
71591
71593
71595
71597
71607
71613
71617
71619
71623
71625
71629
71631
71641
71643
71654
71656
71660
71662
71666
71668
71678
71680
71689
71691
71695
71697
71701
71703
71713
71715
71726
71728
71732
71734
71738
71740
71750
71752
71761
71763
71767
71769
71773
71775
71785
71787
71798
71800
71804
71806
71810
71812
71822
71824
71833
71835
71839
71841
71845
71847
71857
71859
71872
71878
71884
71896
71913
71915
71919
71921
71931
71937
71950
71952
71956
71958
71968
71974
71985
71987
71991
71993
72003
72009
72022
72024
72028
72030
72040
72046
72055
72057
72061
72063
72073
72075
72092
72094
72098
72100
72110
72112
72127
72129
72133
72135
72145
72147
72164
72166
72170
72172
72182
72184
72199
72201
72205
72207
72217
72219
72236
72238
72242
72244
72254
72256
72271
72273
72277
72279
72289
72291
72310
72316
72328
72339
72341
72345
72347
72351
72353
72357
72363
72369
72381
72383
72399
72412
72414
72418
72420
72424
72426
72430
72436
72442
72454
72456
72472
72487
72489
72493
72495
72505
72507
72524
72526
72530
72532
72542
72544
72559
72561
72565
72567
72577
72579
72596
72598
72602
72604
72614
72616
72631
72633
72637
72639
72649
72651
72668
72670
72674
72676
72686
72688
72703
72705
72709
72711
72721
72723
72742
72748
72760
154365
154368
154370
154372
154447
154450
154452
154454
154517
154521
154524
154527
154585
154588
154590
154592
154621
154623
154625
154627
154675
154677
154679
154681
154754
154757
154759
154761
154854
154857
154859
154861
154997
155000
155002
155004
155005
155007
155009
155011
155013
155015
155017
155019
155022
155024
155026
155028
155160
155162
155164
155166
155213
155215
155217
155218
155329
155331
155333
155334
155381
155383
155385
155386
155519
155521
155523
155524
155526
155528
155530
155532
155534
155536
155538
155539
155540
155542
155544
155546
163868
163869
163870
163873
163874
163876
163877
163878
163881
163882
163884
163885
163886
163889
163890
163892
163893
163894
163897
163898
163900
163901
163902
163905
163906
163908
163909
163911
163912
163914
163915
163917
163918
163920
163921
163923
163924
163926
163927
163929
163930
163932
163933
163935
163936
164528
164529
164530
164531
164536
164537
164538
164541
164542
164543
164546
164547
164549
164550
164551
164554
164555
164557
164558
164559
164562
164563
164565
164566
164567
164568
164569
164570
164573
164574
164575
164578
164579
164581
164582
164584
164585
164587
164588
164590
164591
164593
164594
164596
164597
165096
165097
165098
165103
165104
165109
165110
165111
165116
165117
165122
165123
165124
165129
165130
165135
165136
165137
165142
165143
165148
165149
165150
165155
165156
165160
165161
165165
165166
165170
165171
165175
165176
165180
165181
165185
165186
165190
165191
165195
165196
165200
165201
165205
165206
165628
165629
165630
165633
165634
165636
165637
165638
165641
165642
165644
165645
165646
165649
165650
165652
165653
165654
165657
165658
165660
165661
165662
165665
165666
165668
165669
165671
165672
165673
165675
165676
165677
165679
165680
165681
165683
165684
165685
165687
165908
165909
165911
165912
165914
165915
165917
165918
165920
165921
165923
165924
165926
165927
165929
165930
165932
165933
165935
165936
165938
165939
165941
165942
165944
165945
165947
165948
165950
165951
165953
165954
165956
165957
165959
165960
165962
165963
165965
165966
166328
166329
166331
166332
166334
166335
166337
166338
166340
166341
166343
166344
166346
166347
166349
166350
166352
166353
166355
166356
166358
166359
166361
166362
166364
166365
166367
166368
166370
166371
166373
166374
166376
166377
166379
166380
166382
166383
166385
166386
166958
166959
166960
166961
166966
166967
166968
166971
166972
166973
166976
166977
166979
166980
166981
166984
166985
166987
166988
166989
166992
166993
166995
166996
166997
166998
166999
167000
167003
167004
167005
167008
167009
167011
167012
167014
167015
167017
167018
167020
167021
167023
167024
167026
167027
167753
167754
167755
167758
167759
167761
167762
167763
167766
167767
167769
167770
167771
167774
167775
167777
167778
167779
167782
167783
167785
167786
167787
167790
167791
167793
167794
167796
167797
167799
167800
167802
167803
167805
167806
167808
167809
167811
167812
167814
167815
167817
167818
167820
167821
168873
168874
168875
168876
168881
168882
168883
168886
168887
168888
168891
168892
168894
168895
168896
168899
168900
168902
168903
168904
168907
168908
168910
168911
168912
168913
168914
168915
168918
168919
168920
168923
168924
168926
168927
168929
168930
168932
168933
168935
168936
168938
168939
168941
168942
168943
168944
168945
168948
168949
168950
168953
168954
168956
168957
168959
168960
168962
168963
168965
168966
168968
168969
168971
168972
168973
168974
168975
168978
168979
168980
168983
168984
168986
168987
168989
168990
168992
168993
168995
168996
168998
168999
169001
169002
169003
169004
169005
169008
169009
169010
169013
169014
169016
169017
169019
169020
169022
169023
169025
169026
169028
169029
169031
169032
169033
169034
169035
169038
169039
169040
169043
169044
169046
169047
169049
169050
169052
169053
169055
169056
169058
169059
169061
169062
169063
169064
169065
169068
169069
169070
169073
169074
169076
169077
169079
169080
169082
169083
169085
169086
169088
169089
169091
169092
169093
169094
169095
169098
169099
169100
169103
169104
169106
169107
169109
169110
169112
169113
169115
169116
169118
169119
169121
169122
170133
170134
170135
170138
170139
170140
170143
170144
170146
170147
170149
170150
170152
170153
170155
170156
170158
170159
170161
170162
170163
170164
170165
170168
170169
170170
170171
170173
170174
170175
170177
170178
170179
170181
170182
170498
170499
170500
170503
170504
170505
170508
170509
170511
170512
170514
170515
170517
170518
170520
170521
170523
170524
170526
170527
170528
170529
170530
170533
170534
170535
170536
170538
170539
170540
170542
170543
170544
170546
170547
171343
171344
171345
171348
171349
171350
171353
171354
171356
171357
171359
171360
171362
171363
171365
171366
171368
171369
171371
171372
171373
171374
171375
171378
171379
171380
171381
171383
171384
171385
171387
171388
171389
171391
171392
171708
171709
171710
171713
171714
171715
171718
171719
171721
171722
171724
171725
171727
171728
171730
171731
171733
171734
171736
171737
171738
171739
171740
171743
171744
171745
171746
171748
171749
171750
171752
171753
171754
171756
171757
172733
172734
172735
172736
172741
172742
172743
172746
172747
172748
172751
172752
172754
172755
172756
172759
172760
172762
172763
172764
172767
172768
172770
172771
172772
172773
172774
172775
172778
172779
172780
172781
172783
172784
172785
172787
172788
172789
172791
172792
172793
172794
172795
172796
172801
172802
172803
172806
172807
172808
172811
172812
172814
172815
172816
172819
172820
172822
172823
172824
172827
172828
172830
172831
172832
172833
172834
172835
172838
172839
172840
172841
172843
172844
172845
172847
172848
172849
172851
172852
172853
172854
172855
172858
172859
172860
172863
172864
172866
172867
172869
172870
172872
172873
172875
172876
172878
172879
172881
172882
172883
172884
172885
172888
172889
172890
172891
172893
172894
172895
172897
172898
172899
172901
172902
172903
172904
172905
172908
172909
172910
172913
172914
172916
172917
172919
172920
172922
172923
172925
172926
172928
172929
172931
172932
172933
172934
172935
172938
172939
172940
172941
172943
172944
172945
172947
172948
172949
172951
172952
174607
174608
174609
174612
174613
174615
174616
174618
174619
174621
174622
174624
174625
174627
174628
174630
174631
174633
174634
174635
174638
174639
174641
174642
174644
174645
174647
174648
174650
174651
174653
174654
174656
174657
174659
174660
174662
174663
174665
174666
174668
174669
174671
174672
174674
174675
174677
174678
174680
174681
174683
174684
174686
174687
174689
174690
174692
174693
174695
174696
174698
174699
174701
174702
174704
174705
174707
174708
174709
174712
174713
174715
174716
174718
174719
174721
174722
174723
174726
174727
174729
174730
174732
174733
174735
174736
174737
174740
174741
174743
174744
174746
174747
174749
174750
174751
174754
174755
174757
174758
174760
174761
175573
175574
175575
175578
175579
175581
175582
175584
175585
175586
175587
175590
175591
175593
175594
175596
175597
175598
175600
175601
175603
175604
175606
175607
175608
175610
175611
175613
175614
175616
175617
175618
175620
175621
175623
175624
175626
175627
175628
175630
175631
175633
175634
175636
175637
175638
175640
175641
175643
175644
175646
175647
175648
175650
175651
175653
175654
175656
180392
180393
180394
180395
180400
180401
180402
180405
180406
180407
180410
180411
180413
180414
180415
180418
180419
180421
180422
180423
180426
180427
180429
180430
180431
180432
180437
180438
180439
180442
180443
180444
180447
180448
180450
180451
180452
180455
180456
180458
180459
180460
180463
180464
180466
180467
180468
180469
180474
180475
180476
180479
180480
180481
180484
180485
180487
180488
180489
180492
180493
180495
180496
180497
180500
180501
180503
180504
180505
180506
180511
180512
180513
180514
180515
180518
180519
180520
180521
180524
180525
180526
180527
180530
180531
180532
180533
180536
180537
180538
180539
180541
180542
180543
180545
180546
180547
180549
180550
180551
180552
180553
180558
180559
180560
180561
180562
180565
180566
180567
180568
180571
180572
180573
180574
180577
180578
180579
180580
180581
180586
180587
180588
180589
180590
180593
180594
180595
180596
180599
180600
180601
180602
180605
180606
180607
180608
180611
180612
180613
180614
180616
180617
180618
180620
180621
180622
180624
180625
180626
180627
180628
180632
180633
180634
180637
180638
180639
180642
180643
180645
180646
180647
180650
180651
180652
180653
180655
180656
180657
180658
180661
180662
180664
180665
180666
180669
180670
180672
180673
180675
180676
180677
180679
180680
180681
180682
180683
180687
180688
180689
180692
180693
180694
180697
180698
180700
180701
180702
180705
180706
180707
180708
180710
180711
180712
180713
180716
180717
180719
180720
180721
180724
180725
180727
180728
180730
180731
180732
180734
180735
180736
180738
180739
180741
180742
180744
180745
180747
180748
180750
180751
180752
180754
180755
180756
180758
180759
180761
180762
180764
180765
180767
180768
180770
180771
180772
180774
180775
180776
180778
180779
180781
180782
180784
180785
180787
180788
180790
180791
180792
180794
180795
180796
180798
180799
180801
180802
180804
180805
180807
180808
180810
180811
180812
180814
180815
180816
180817
180820
180821
180823
180824
180825
180828
180829
180831
180832
180834
180835
180836
180838
180839
180840
180841
180844
180845
180847
180848
180849
180852
180853
180855
180856
180858
180859
180860
180862
180863
180864
180865
180868
180869
180871
180872
180873
180876
180877
180879
180880
180882
180883
180884
180886
180887
180888
180889
180892
180893
180895
180896
180897
180900
180901
180903
180904
180906
180907
180908
180910
180911
180912
180913
180914
180919
180920
180921
180922
180923
180926
180927
180928
180929
180932
180933
180934
180935
180936
180937
180938
180943
180944
180945
180946
180947
180950
180951
180952
180953
180956
180957
180958
180959
180960
180961
180962
180967
180968
180969
180970
180971
180974
180975
180976
180977
180980
180981
180982
180983
180984
180985
180986
180991
180992
180993
180994
180995
180998
180999
181000
181001
181004
181005
181006
181007
181008
181009
181010
181015
181016
181017
181018
181019
181022
181023
181024
181025
181028
181029
181030
181031
181032
181033
181034
181039
181040
181041
181042
181043
181046
181047
181048
181049
181052
181053
181054
181055
181056
181057
181058
181063
181064
181065
181066
181067
181070
181071
181072
181073
181076
181077
181078
181079
181080
181081
181084
181085
181086
181087
181089
181090
181091
181093
181094
181095
181096
181098
181099
181101
181102
181104
181105
181107
181108
181110
181111
181112
181114
181115
181116
181118
181119
181121
181122
181124
181125
181127
181128
181130
181131
181132
181134
181135
181136
181138
181139
181141
181142
181144
181145
181147
181148
181150
181151
181152
181154
181155
181156
181158
181159
181161
181162
181164
181165
181167
181168
181170
181171
181172
181174
181175
181176
181177
181180
181181
181182
181183
181186
181187
181188
181189
181192
181193
181194
181195
181196
181197
181200
181201
181202
181203
181206
181207
181208
181209
181212
181213
181214
181215
181216
181217
181220
181221
181222
181223
181226
181227
181228
181229
181232
181233
181234
181235
181236
181237
181240
181241
181242
181243
181246
181247
181248
181249
181252
181253
181254
181255
181256
181257
181260
181261
181262
181263
181266
181267
181268
181269
181272
181273
181274
181275
181276
181277
181280
181281
181282
181283
181286
181287
181288
181289
181292
181293
181294
181295
181296
181297
181300
181301
181302
181303
181306
181307
181308
181309
181312
181313
181314
181315
181316
181318
181319
181320
181322
181323
181324
181326
181327
181328
181329
181330
181333
181334
181335
181338
181339
181341
181342
181344
181345
181346
181349
181350
181351
181352
181354
181355
181356
181358
181359
181361
181362
181363
181364
181366
181367
181368
181369
181370
181373
181374
181375
181378
181379
181381
181382
181384
181385
181386
181389
181390
181391
181392
181394
181395
181396
181398
181399
181401
181402
181403
181404
181406
181407
181408
181409
181410
181413
181414
181415
181416
181419
181420
181421
181422
181425
181426
181427
181428
181429
181430
181433
181434
181435
181436
181439
181440
181441
181442
181445
181446
181447
181448
181449
181450
181453
181454
181455
181456
181459
181460
181461
181462
181465
181466
181467
181468
181469
181470
181473
181474
181475
181476
181479
181480
181481
181482
181485
181486
181487
181488
181489
181490
181493
181494
181495
181496
181499
181500
181501
181502
181505
181506
181507
181508
181509
181510
181513
181514
181515
181516
181519
181520
181521
181522
181525
181526
181527
181528
181529
181530
181533
181534
181535
181536
181539
181540
181541
181542
181545
181546
181547
181548
181549
181551
181552
181553
181555
181556
181557
181559
181560
