34561
34562
34563
34564
34565
34566
34587
34588
34589
34590
34609
34610
34611
34612
34613
34614
34635
34636
34637
34638
34658
34660
34662
34684
34686
34706
34708
34710
34732
34734
34754
34756
34758
34780
34782
34802
34804
34806
34828
34830
34850
34852
34854
34876
34878
34945
34946
34947
34948
34949
34950
34971
34972
34994
34996
34998
35020
35042
35044
35046
35068
35090
35092
35094
35116
35138
35140
35142
35164
35186
35188
35190
35212
35234
35236
35238
35260
35282
35284
35286
35308
35329
35330
35331
35332
35333
35334
35355
35356
35378
35380
35382
35404
35426
35428
35430
35452
35474
35476
35478
35500
35522
35524
35526
35548
35570
35572
35574
35596
35618
35620
35622
35644
35666
35668
35670
35692
35713
35714
35715
35716
35717
35718
35739
35740
35762
35764
35766
35788
35810
35812
35814
35836
35858
35860
35862
35884
35906
35908
35910
35932
35954
35956
35958
35980
36002
36004
36006
36028
36050
36052
36054
36076
36097
36098
36099
36100
36101
36102
36123
36124
36146
36148
36150
36172
36194
36196
36198
36220
36242
36244
36246
36268
36290
36292
36294
36316
36338
36340
36342
36364
36386
36388
36390
36412
36434
36436
36438
36460
36481
36482
36483
36484
36485
36486
36507
36508
36530
36532
36534
36556
36578
36580
36582
36604
36626
36628
36630
36652
36674
36676
36678
36700
36722
36724
36726
36748
36770
36772
36774
36796
36818
36820
36822
36844
36867
36868
36869
36870
36891
36892
36893
36894
36916
36918
36940
36942
36963
36964
36965
36966
36987
36988
36989
36990
37059
37060
37061
37062
37083
37084
37085
37086
37155
37156
37157
37158
37179
37180
37181
37182
37251
37252
37253
37254
37275
37276
37277
37278
37300
37302
37324
37326
37347
37348
37349
37350
37371
37372
37373
37374
37443
37444
37445
37446
37467
37468
37469
37470
37539
37540
37541
37542
37563
37564
37565
37566
37635
37636
37637
37638
37659
37660
37661
37662
37684
37686
37708
37710
37731
37732
37733
37734
37755
37756
37757
37758
37827
37828
37829
37830
37851
37852
37853
37854
37923
37924
37925
37926
37947
37948
37949
37950
38019
38020
38021
38022
38043
38044
38045
38046
38068
38070
38092
38094
38115
38116
38117
38118
38139
38140
38141
38142
38211
38212
38213
38214
38235
38236
38237
38238
38307
38308
38309
38310
38331
38332
38333
38334
38403
38404
38405
38406
38427
38428
38429
38430
38452
38454
38476
38478
38499
38500
38501
38502
38523
38524
38525
38526
38595
38596
38597
38598
38619
38620
38621
38622
38691
38692
38693
38694
38715
38716
38717
38718
38787
38788
38789
38790
38811
38812
38813
38814
38836
38838
38860
38862
38883
38884
38885
38886
38907
38908
38909
38910
38979
38980
38981
38982
39003
39004
39005
39006
39075
39076
39077
39078
39099
39100
39101
39102
39171
39172
39173
39174
39195
39196
39197
39198
39220
39222
39244
39246
39267
39268
39269
39270
39291
39292
39293
39294
39363
39364
39365
39366
39387
39388
39389
39390
39459
39460
39461
39462
39483
39484
39485
39486
39555
39556
39557
39558
39579
39580
39581
39582
39604
39606
39628
39630
39651
39652
39653
39654
39675
39676
39677
39678
39747
39748
39749
39750
39771
39772
39773
39774
39843
39844
39845
39846
39867
39868
39869
39870
39939
39940
39941
39942
39963
39964
39965
39966
39988
39990
40012
40014
40035
40036
40037
40038
40059
40060
40061
40062
40131
40132
40133
40134
40155
40156
40157
40158
40227
40228
40229
40230
40251
40252
40253
40254
40323
40324
40325
40326
40347
40348
40349
40350
40372
40374
40396
40398
40419
40420
40421
40422
40443
40444
40445
40446
40515
40516
40517
40518
40539
40540
40541
40542
40611
40612
40613
40614
40635
40636
40637
40638
40707
40708
40709
40710
40731
40732
40733
40734
40756
40758
40780
40782
40804
40806
40828
40830
40852
40854
40876
40878
40900
40902
40924
40926
40948
40950
40972
40974
40996
40998
41020
41022
41044
41046
41068
41070
41091
41092
41093
41094
41115
41116
41117
41118
41140
41142
41164
41166
41188
41190
41212
41214
41236
41238
41260
41262
41284
41286
41308
41310
41332
41334
41356
41358
41380
41382
41404
41406
41428
41430
41452
41454
41475
41476
41477
41478
41499
41500
41501
41502
41524
41526
41548
41550
41572
41574
41596
41598
41620
41622
41644
41646
41668
41670
41692
41694
41716
41718
41740
41742
41764
41766
41788
41790
41812
41814
41836
41838
41859
41860
41861
41862
41883
41884
41908
41910
41932
41956
41958
41980
42004
42006
42028
42052
42054
42076
42100
42102
42124
42148
42150
42172
42196
42198
42220
82177
82179
82181
82183
82185
82187
82203
82205
82209
82211
82240
82242
82246
82248
82264
82266
82270
82272
82286
82288
82290
82292
82294
82296
82312
82314
82318
82320
82323
82325
82329
82331
82347
82349
82353
82355
82371
82373
82377
82379
82395
82397
82401
82403
82432
82434
82438
82440
82456
82458
82462
82464
82465
82467
82469
82471
82473
82475
82491
82493
82497
82499
82526
82528
82530
82532
82534
82536
82552
82554
82558
82560
82561
82563
82565
82567
82569
82571
82587
82589
82593
82595
82622
82624
82626
82628
82630
82632
82648
82650
82654
82656
82659
82661
82665
82667
82683
82685
82689
82691
82720
82722
82726
82728
82744
82746
82750
82752
82753
82754
82755
82756
82757
82758
82759
82761
82763
82771
82773
82775
82783
82785
82787
82795
82797
82799
82875
82876
82877
82878
82881
82883
82893
82895
82905
82907
82917
82919
82996
82998
83056
83058
83062
83064
83074
83076
83086
83088
83098
83100
83116
83118
83176
83178
83182
83184
83194
83196
83206
83208
83218
83220
83288
83290
83292
83300
83302
83304
83312
83314
83316
83324
83326
83328
83336
83338
83340
83348
83350
83352
83410
83412
83422
83424
83434
83436
83446
83448
83458
83460
83470
83472
83481
83483
83493
83495
83505
83507
83517
83519
83529
83530
83531
83532
83601
83603
83613
83615
83625
83627
83637
83639
83649
83650
83651
83652
83715
83716
83717
83718
83721
83723
83733
83735
83745
83747
83757
83759
83835
83836
83837
83838
83841
83843
83853
83855
83865
83867
83877
83879
83956
83958
84016
84018
84022
84024
84034
84036
84046
84048
84058
84060
84076
84078
84136
84138
84142
84144
84154
84156
84166
84168
84178
84180
84193
84194
84195
84196
84197
84198
84199
84201
84203
84211
84213
84215
84223
84225
84227
84235
84237
84239
84315
84316
84317
84318
84321
84323
84333
84335
84345
84347
84357
84359
84434
84436
84438
84494
84496
84498
84500
84502
84504
84512
84514
84516
84524
84526
84528
84536
84538
84540
84556
84558
84616
84618
84622
84624
84634
84636
84646
84648
84658
84660
84673
84674
84675
84676
84677
84678
84679
84681
84683
84691
84693
84695
84703
84705
84707
84715
84717
84719
84795
84796
84797
84798
84801
84803
84813
84815
84825
84827
84837
84839
84914
84916
84918
84974
84976
84978
84980
84982
84984
84992
84994
84996
85004
85006
85008
85016
85018
85020
85036
85038
85096
85098
85102
85104
85114
85116
85126
85128
85138
85140
85155
85156
85157
85158
85161
85163
85173
85175
85185
85187
85197
85199
85275
85276
85277
85278
85281
85283
85293
85295
85305
85307
85317
85319
85396
85398
85456
85458
85462
85464
85474
85476
85486
85488
85498
85500
85516
85518
85576
85578
85582
85584
85594
85596
85606
85608
85618
85620
86211
86212
86213
86214
86259
86260
86261
86262
86308
86310
86332
86334
86356
86358
86380
86382
86403
86404
86405
86406
86451
86452
86500
86502
86524
86526
86548
86572
86787
86788
86789
86790
86835
86836
86884
86886
86908
86910
86932
86956
86979
86980
86981
86982
87027
87028
87076
87078
87100
87102
87124
87148
87553
87555
87557
87559
87561
87563
87581
87583
87614
87616
87618
87620
87622
87624
87642
87644
87666
87668
87670
87672
87690
87692
87701
87703
87705
87707
87725
87727
87762
87764
87766
87768
87786
87788
87797
87799
87801
87803
87821
87823
87845
87847
87849
87851
87869
87871
87906
87908
87910
87912
87930
87932
87939
87943
87947
87951
87955
87959
87963
87967
87971
87975
87979
87983
88063
88075
88087
88099
88240
88244
88248
88252
88256
88260
88264
88268
88272
88276
88280
88284
88364
88376
88388
88400
88484
88488
88496
88500
88508
88512
88520
88524
88604
88616
88628
88640
88663
88667
88675
88679
88687
88691
88699
88703
88783
88795
88807
88819
88964
88968
88976
88980
88988
88992
89000
89004
89084
89096
89108
89120
89143
89147
89155
89159
89167
89171
89179
89183
89251
89263
89275
89287
89359
89363
89371
89375
89383
89387
89395
89399
89467
89479
89491
89503
89636
89640
89648
89652
89660
89664
89672
89676
89756
89768
89780
89792
89809
89811
89813
89815
89817
89819
89821
89823
89825
89851
89853
89855
89857
89859
89861
89900
89902
89904
89906
89908
89910
89912
89914
89916
89942
89944
89946
89953
89955
89957
89959
89961
89963
89965
89967
89969
89995
89997
89999
90044
90046
90048
90050
90052
90054
90056
90058
90060
90086
90088
90090
90099
90101
90105
90107
90111
90113
90141
90143
90147
90149
90190
90192
90196
90198
90202
90204
90232
90234
90243
90245
90249
90251
90255
90257
90285
90287
90334
90336
90340
90342
90346
90348
90376
90378
90385
90387
90391
90393
90397
90399
90427
90429
90433
90435
90482
90484
90488
90490
90518
90520
90524
90526
90531
90533
90537
90539
90543
90545
90573
90575
90622
90624
90628
90630
90634
90636
90664
90666
90673
90675
90679
90681
90685
90687
90715
90717
90721
90723
90770
90772
90776
90778
90806
90808
90812
90814
90819
90821
90825
90827
90831
90833
90861
90863
90910
90912
90916
90918
90922
90924
90952
90954
90963
90965
90969
90971
90975
90977
91005
91007
91011
91013
91054
91056
91060
91062
91066
91068
91096
91098
91102
91104
91107
91113
91119
91149
91155
91198
91204
91210
91240
91246
91255
91257
91259
91261
91263
91265
91291
91293
91295
91297
91299
91301
91329
91331
91335
91337
91365
91367
91371
91418
91420
91422
91424
91426
91428
91454
91456
91458
91460
91462
91464
91492
91494
91498
91500
91528
91530
91534
91564
91566
91570
91572
91600
91602
91636
91642
91672
91689
91691
91695
91697
91725
91727
91761
91767
91797
91850
91852
91856
91858
91886
91888
91903
91905
91909
91911
91939
91941
91994
91996
92000
92002
92030
92032
92047
92049
92053
92055
92083
92085
92121
92123
92127
92129
92157
92159
92163
92165
92212
92214
92218
92220
92248
92250
92254
92256
92265
92267
92271
92273
92301
92303
92307
92356
92358
92362
92364
92392
92394
92398
92407
92409
92413
92415
92443
92445
92498
92500
92504
92506
92534
92536
92551
92553
92557
92559
92587
92589
92642
92644
92648
92650
92678
92680
92714
92716
92720
92722
92750
92752
92767
92769
92773
92775
92803
92805
92858
92860
92864
92866
92894
92896
92913
92919
92949
92985
92987
92991
92993
93021
93027
93076
93078
93082
93084
93112
93118
93129
93131
93165
93220
93222
93256
93290
93292
93296
93298
93326
93328
93343
93345
93349
93351
93379
93381
93434
93436
93440
93442
93470
93472
93489
93495
93525
95473
95475
95477
95479
95481
95483
95499
95501
95505
95507
95534
95536
95538
95540
95542
95544
95560
95562
95566
95568
95582
95584
95586
95588
95590
95592
95608
95610
95614
95616
95617
95619
95621
95623
95625
95627
95643
95645
95649
95651
95678
95680
95682
95684
95686
95688
95704
95706
95710
95712
95713
95715
95717
95719
95721
95723
95739
95741
95745
95747
95774
95776
95778
95780
95782
95784
95800
95802
95806
95808
95809
95811
95813
95815
95817
95819
95835
95837
95841
95843
95863
95865
95867
95875
95877
95879
95887
95889
95891
95899
95901
95903
95911
95912
95913
95914
95915
95916
95985
95987
95997
95999
96009
96011
96021
96023
96033
96034
96035
96036
96152
96154
96156
96164
96166
96168
96176
96178
96180
96188
96190
96192
96200
96202
96204
96212
96214
96216
96274
96276
96286
96288
96298
96300
96310
96312
96322
96324
96334
96336
96392
96394
96396
96404
96406
96408
96416
96418
96420
96428
96430
96432
96440
96442
96444
96452
96454
96456
96514
96516
96526
96528
96538
96540
96550
96552
96562
96564
96574
96576
96583
96585
96587
96595
96597
96599
96607
96609
96611
96619
96621
96623
96631
96632
96633
96634
96635
96636
96705
96707
96717
96719
96729
96731
96741
96743
96753
96754
96755
96756
96818
96820
96822
96878
96880
96882
96884
96886
96888
96896
96898
96900
96908
96910
96912
96920
96922
96924
96940
96942
97000
97002
97006
97008
97018
97020
97030
97032
97042
97044
97057
97058
97059
97060
97061
97062
97063
97065
97067
97075
97077
97079
97087
97089
97091
97099
97101
97103
97179
97180
97181
97182
97185
97187
97197
97199
97209
97211
97221
97223
97298
97300
97302
97358
97360
97362
97364
97366
97368
97376
97378
97380
97388
97390
97392
97400
97402
97404
97420
97422
97480
97482
97486
97488
97498
97500
97510
97512
97522
97524
97537
97538
97539
97540
97541
97542
97543
97545
97547
97555
97557
97559
97567
97569
97571
97579
97581
97583
97659
97660
97661
97662
97665
97667
97677
97679
97689
97691
97701
97703
97778
97780
97782
97802
97804
97806
97828
97830
97852
97854
97873
97874
97875
97876
97877
97878
97923
97924
97970
97972
97974
97994
97996
97998
98020
98044
98067
98068
98069
98070
98115
98116
98164
98166
98188
98190
98212
98236
98259
98260
98261
98262
98307
98308
98740
98742
98764
98766
98788
98812
98835
98836
98837
98838
98883
98884
98932
98934
98956
98958
98980
99004
99027
99028
99029
99030
99075
99076
99316
99318
99340
99342
99364
99388
99411
99412
99413
99414
99459
99460
99697
99699
99701
99703
99705
99707
99725
99727
99729
99731
99758
99760
99762
99764
99766
99768
99786
99788
99806
99808
99810
99812
99814
99816
99834
99836
99845
99847
99849
99851
99869
99871
99906
99908
99910
99912
99930
99932
99941
99943
99945
99947
99965
99967
99989
99991
99993
99995
100013
100015
100050
100052
100054
100056
100074
100076
100085
100087
100089
100091
100109
100111
100146
100148
100150
100152
100170
100172
100194
100196
100198
100200
100218
100220
100229
100231
100233
100235
100253
100255
100275
100279
100283
100287
100291
100295
100299
100303
100307
100311
100315
100319
100399
100403
100411
100415
100423
100427
100435
100439
100576
100580
100584
100588
100592
100596
100600
100604
100608
100612
100616
100620
100688
100700
100712
100724
100804
100808
100812
100816
100820
100824
100828
100832
100836
100840
100844
100848
100928
100940
100952
100964
100987
100991
100999
101003
101011
101015
101023
101027
101107
101119
101131
101143
101288
101292
101300
101304
101312
101316
101324
101328
101408
101420
101432
101444
101455
101459
101467
101471
101479
101483
101491
101495
101575
101587
101599
101611
101695
101699
101707
101711
101719
101723
101731
101735
101815
101827
101839
101851
101984
101988
101996
102000
102008
102012
102020
102024
102104
102116
102128
102140
102212
102216
102224
102228
102236
102240
102248
102252
102332
102344
102356
102368
102391
102395
102403
102407
102415
102419
102427
102431
102511
102523
102535
102547
102692
102696
102704
102708
102716
102720
102728
102732
102812
102824
102836
102848
102871
102875
102883
102887
102895
102899
102907
102911
102991
103003
103015
103027
103105
103107
103109
103111
103113
103115
103117
103119
103121
103143
103145
103149
103151
103155
103157
103196
103198
103200
103202
103204
103206
103208
103210
103212
103234
103236
103240
103242
103246
103248
103255
103257
103259
103261
103263
103265
103293
103295
103299
103301
103346
103348
103350
103352
103354
103356
103384
103386
103390
103392
103399
103401
103403
103405
103407
103409
103437
103439
103443
103445
103490
103492
103494
103496
103498
103500
103528
103530
103534
103536
103543
103545
103547
103549
103551
103553
103581
103583
103587
103589
103634
103636
103638
103672
103674
103687
103689
103691
103693
103695
103697
103725
103731
103778
103780
103782
103784
103786
103788
103816
103822
103831
103833
103835
103837
103839
103841
103869
103875
103922
103924
103926
103928
103930
103932
103960
103966
103969
103971
103975
103977
103981
103983
104011
104013
104060
104062
104066
104068
104072
104074
104102
104104
104113
104115
104119
104121
104125
104127
104155
104157
104204
104206
104210
104212
104216
104218
104246
104248
104282
104284
104286
104288
104290
104292
104320
104326
104335
104337
104339
104341
104343
104345
104373
104379
104426
104428
104430
104432
104434
104436
104464
104470
104479
104481
104483
104485
104487
104489
104517
104523
104551
104553
104555
104557
104559
104561
104589
104595
104642
104644
104646
104648
104650
104652
104680
104686
104695
104697
104699
104701
104703
104705
104733
104739
104786
104788
104790
104824
104833
104835
104839
104841
104845
104847
104875
104877
104924
104926
104930
104932
104936
104938
104966
104968
104979
104983
104985
104989
104991
105019
105021
105070
105074
105076
105080
105082
105110
105112
105123
105125
105129
105131
105159
105165
105214
105216
105220
105222
105250
105256
105267
105269
105273
105275
105303
105309
105358
105360
105364
105366
105394
105400
105417
105419
105423
105425
105453
105459
105508
105510
105514
105516
105544
105550
105561
105563
105567
105569
105597
105603
105652
105654
105658
105660
105688
105694
105705
105707
105711
105713
105741
105747
105796
105798
105802
105804
105832
105838
105849
105851
105855
105857
105885
105891
105940
105942
105976
105993
105995
105999
106001
106029
106035
106084
106086
106090
106092
106120
106126
106137
106139
106143
106145
106173
106179
106228
106230
106234
106236
106264
106270
106281
106283
106287
106289
106317
106319
106372
106374
106378
106380
106408
106410
106425
106427
106431
106433
106461
106463
106516
106518
106522
106524
106552
106554
106563
106565
106569
106571
106599
106605
106654
106656
106660
106662
106690
106696
106707
106709
106713
106715
106743
106749
106804
106806
106840
154333
154334
154335
154336
154337
154338
154339
154340
154341
154342
154343
154344
154345
154346
154347
154348
154349
154350
154351
154352
154353
154354
154355
154356
154357
154358
154359
154360
154361
154362
154363
154364
154365
154366
154367
154368
154369
154370
154371
154372
154373
154374
154375
154376
154377
154378
154379
154380
154381
154382
154383
154384
154385
154386
154387
154388
154389
154390
154391
154392
154393
154394
154395
154396
154397
154398
154399
154400
154401
154402
154403
154404
154405
154406
154407
154408
154409
154410
154411
154412
154413
154414
154415
154416
154417
154418
154419
154420
154421
154422
154423
154424
154425
154426
154427
154428
154429
154430
154431
154432
154433
154434
154435
154436
154437
154438
154439
154440
154441
154442
154443
154444
154445
154446
154447
154448
154449
154450
154451
154452
154453
154454
154455
154456
154457
154458
154459
154460
154461
154462
154463
154464
154465
154466
154467
154468
154469
154470
154471
154472
154473
154474
154475
154476
154477
154478
154479
154480
154481
154482
154483
154484
154485
154486
154487
154488
154489
154490
154491
154492
154493
154494
154495
154496
154497
154498
154499
154500
154501
154502
154503
154504
154505
154506
154507
154508
154509
154510
154511
154512
154513
154514
154515
154516
154517
154518
154519
154520
154521
154522
154523
154524
154525
154526
154527
154528
154529
154530
154531
154532
154533
154534
154535
154536
154537
154538
154539
154540
154541
154542
154543
154544
154545
154546
154547
154548
154549
154550
154551
154552
154553
154554
154555
154556
154557
154558
154559
154560
154561
154562
154563
154564
154565
154566
154567
154568
154569
154570
154571
154572
154573
154574
154575
154576
154577
154578
154579
154580
154581
154582
154583
154584
154585
154586
154587
154588
154589
154590
154591
154592
154593
154594
154595
154596
154597
154598
154599
154600
154601
154602
154603
154604
154605
154606
154607
154608
154609
154610
154611
154612
154613
154614
154615
154616
154617
154618
154619
154620
154621
154622
154623
154624
154625
154626
154627
154628
154629
154630
154631
154632
154633
154634
154635
154636
154637
154638
154639
154640
154641
154642
154643
154644
154645
154646
154647
154648
154649
154650
154651
154652
154653
154654
154655
154656
154657
154658
154659
154660
154661
154662
154663
154664
154665
154666
154667
154668
154669
154670
154671
154672
154673
154674
154675
154676
154677
154678
154679
154680
154681
154682
154683
154684
154685
154686
154687
154688
154689
154690
154691
154692
154693
154694
154695
154696
154697
154698
154699
154700
154701
154702
154703
154704
154705
154706
154707
154708
154709
154710
154711
154712
154713
154714
154715
154716
154717
154718
154719
154720
154721
154722
154723
154724
154725
154726
154727
154728
154729
154730
154731
154732
154733
154734
154735
154736
154737
154738
154739
154740
154741
154742
154743
154744
154745
154746
154747
154748
154749
154750
154751
154752
154753
154754
154755
154756
154757
154758
154759
154760
154761
154762
154763
154764
154765
154766
154767
154768
154769
154770
154771
154772
154773
154774
154775
154776
154777
154778
154779
154780
154781
154782
154783
154784
154785
154786
154787
154788
154789
154790
154791
154792
154793
154794
154795
154796
154797
154798
154799
154800
154801
154802
154803
154804
154805
154806
154807
154808
154809
154810
154811
154812
154813
154814
154815
154816
154817
154818
154819
154820
154821
154822
154823
154824
154825
154826
154827
154828
154829
154830
154831
154832
154833
154834
154835
154836
154837
154838
154839
154840
154841
154842
154843
154844
154845
154846
154847
154848
154849
154850
154851
154852
154853
154854
154855
154856
154857
154858
154859
154860
154861
154862
154863
154864
154865
154866
154867
154868
154869
154870
154871
154872
154873
154874
154875
154876
154877
154878
154879
154880
154881
154882
154883
154884
154885
154886
154887
154888
154889
154890
154891
154892
154893
154894
154895
154896
154897
154898
154899
154900
154901
154902
154903
154904
154905
154906
154907
154908
154909
154910
154911
154912
154913
154914
154915
154916
154917
154918
154919
154920
154921
154922
154923
154924
154925
154926
154927
154928
154929
154930
154931
154932
154933
154934
154935
154936
154937
154938
154939
154940
154941
154942
154943
154944
154945
154946
154947
154948
154949
154950
154951
154952
154953
154954
154955
154956
154957
154958
154959
154960
154961
154962
154963
154964
154965
154966
154967
154968
154969
154970
154971
154972
154973
154974
154975
154976
154977
154978
154979
154980
154981
154982
154983
154984
154985
154986
154987
154988
154989
154990
154991
154992
154993
154994
154995
154996
154997
154998
154999
155000
155001
155002
155003
155004
155005
155006
155007
155008
155009
155010
155011
155012
155013
155014
155015
155016
155017
155018
155019
155020
155021
155022
155023
155024
155025
155026
155027
155028
155029
155030
155031
155032
155033
155034
155035
155036
155037
155038
155039
155040
155041
155042
155043
155044
155045
155046
155047
155048
155049
155050
155051
155052
155053
155054
155055
155056
155057
155058
155059
155060
155061
155062
155063
155064
155065
155066
155067
155068
155069
155070
155071
155072
155073
155074
155075
155076
155077
155078
155079
155080
155081
155082
155083
155084
155085
155086
155087
155088
155089
155090
155091
155092
155093
155094
155095
155096
155097
155098
155099
155100
155101
155102
155103
155104
155105
155106
155107
155108
155109
155110
155111
155112
155113
155114
155115
155116
155117
155118
155119
155120
155121
155122
155123
155124
155125
155126
155127
155128
155129
155130
155131
155132
155133
155134
155135
155136
155137
155138
155139
155140
155141
155142
155143
155144
155145
155146
155147
155148
155149
155150
155151
155152
155153
155154
155155
155156
155157
155158
155159
155160
155161
155162
155163
155164
155165
155166
155167
155168
155169
155170
155171
155172
155173
155174
155175
155176
155177
155178
155179
155180
155181
155182
155183
155184
155185
155186
155187
155188
155189
155190
155191
155192
155193
155194
155195
155196
155197
155198
155199
155200
155201
155202
155203
155204
155205
155206
155207
155208
155209
155210
155211
155212
155213
155214
155215
155216
155217
155218
155219
155220
155221
155222
155223
155224
155225
155226
155227
155228
155229
155230
155231
155232
155233
155234
155235
155236
155237
155238
155239
155240
155241
155242
155243
155244
155245
155246
155247
155248
155249
155250
155251
155252
155253
155254
155255
155256
155257
155258
155259
155260
155261
155262
155263
155264
155265
155266
155267
155268
155269
155270
155271
155272
155273
155274
155275
155276
155277
155278
155279
155280
155281
155282
155283
155284
155285
155286
155287
155288
155289
155290
155291
155292
155293
155294
155295
155296
155297
155298
155299
155300
155301
155302
155303
155304
155305
155306
155307
155308
155309
155310
155311
155312
155313
155314
155315
155316
155317
155318
155319
155320
155321
155322
155323
155324
155325
155326
155327
155328
155329
155330
155331
155332
155333
155334
155335
155336
155337
155338
155339
155340
155341
155342
155343
155344
155345
155346
155347
155348
155349
155350
155351
155352
155353
155354
155355
155356
155357
155358
155359
155360
155361
155362
155363
155364
155365
155366
155367
155368
155369
155370
155371
155372
155373
155374
155375
155376
155377
155378
155379
155380
155381
155382
155383
155384
155385
155386
155387
155388
155389
155390
155391
155392
155393
155394
155395
155396
155397
155398
155399
155400
155401
155402
155403
155404
155405
155406
155407
155408
155409
155410
155411
155412
155413
155414
155415
155416
155417
155418
155419
155420
155421
155422
155423
155424
155425
155426
155427
155428
155429
155430
155431
155432
155433
155434
155435
155436
155437
155438
155439
155440
155441
155442
155443
155444
155445
155446
155447
155448
155449
155450
155451
155452
155453
155454
155455
155456
155457
155458
155459
155460
155461
155462
155463
155464
155465
155466
155467
155468
155469
155470
155471
155472
155473
155474
155475
155476
155477
155478
155479
155480
155481
155482
155483
155484
155485
155486
155487
155488
155489
155490
155491
155492
155493
155494
155495
155496
155497
155498
155499
155500
155501
155502
155503
155504
155505
155506
155507
155508
155509
155510
155511
155512
155513
155514
155515
155516
155517
155518
155519
155520
155521
155522
155523
155524
155525
155526
155527
155528
155529
155530
155531
155532
155533
155534
155535
155536
155537
155538
155539
155540
155541
155542
155543
155544
155545
155546
155547
155548
155549
155550
155551
155552
155553
155554
155555
155556
155557
155558
155559
155560
155561
155562
155563
155564
155565
155566
155567
155568
155569
155570
155571
155572
155573
155574
155575
155576
155577
155578
155579
155580
155581
155582
155583
155584
155585
155586
155587
155588
155589
155590
155591
155592
155593
155594
155595
155596
155597
155598
155599
155600
155601
155602
155603
155604
155605
155606
155607
155608
155609
155610
155611
155612
155613
155614
155615
155616
155617
155618
155619
155620
155621
155622
155623
155624
155625
155626
155627
155628
155629
155630
155631
155632
155633
155634
155635
155636
155637
155638
155639
155640
155641
155642
155643
155644
155645
155646
155647
155648
155649
155650
155651
155652
155653
155654
155655
155656
155657
155658
155659
155660
155661
155662
155663
155664
155665
155666
155667
155668
155669
155670
155671
155672
155673
155674
155675
155676
155677
155678
155679
155680
155681
155682
155683
155684
155685
155686
155687
155688
155689
155690
155691
155692
187677
187678
187679
187680
187689
187690
187691
187703
187704
187705
187711
187712
187713
187733
187734
187735
187738
187739
187740
187753
187754
187755
187758
187759
187760
187776
187777
187778
187779
187784
187785
187786
187799
187800
187801
187804
187805
187806
187809
187810
187811
187817
187818
187819
187829
187830
187831
187837
187838
187839
187849
187850
187851
187857
187858
187859
187869
187870
187871
187877
187878
187879
187899
187900
187901
187904
187905
187906
187919
187920
187921
187924
187925
187926
187929
187930
187931
187932
187941
187942
187943
187955
187956
187957
187963
187964
187965
187988
187989
187990
187991
187996
187997
187998
188011
188012
188013
188016
188017
188018
188021
188022
188023
188024
188033
188034
188035
188047
188048
188049
188055
188056
188057
188080
188081
188082
188083
188088
188089
188090
188103
188104
188105
188108
188109
188110
188113
188114
188115
188121
188122
188123
188133
188134
188135
188141
188142
188143
188163
188164
188165
188168
188169
188170
188183
188184
188185
188188
188189
188190
188193
188194
188195
188196
188200
188202
188204
188205
188206
188207
188210
188212
188213
188214
188215
188221
188222
188226
188227
188228
188234
188235
188239
188240
188241
188247
188248
188252
188253
188256
188259
188261
188263
188273
188274
188275
188278
188280
188281
188282
188283
188286
188288
188289
188290
188294
188295
188299
188300
188304
188305
188309
188310
188314
188315
188319
188321
188324
188326
188335
188337
188340
188342
188363
188364
188365
188367
188368
188369
188370
188372
188373
188374
188376
188377
188379
188380
188382
188383
188385
188386
188388
188389
188391
188392
188395
188397
188400
188402
188423
188424
188425
188427
188428
188429
188430
188432
188433
188434
188436
188437
188439
188440
188442
188443
188445
188446
188448
188449
188451
188452
188486
188488
188489
188490
188492
188493
188494
188495
188498
188499
188501
188502
188503
188506
188507
188509
188510
188511
188514
188515
188517
188518
188519
188522
188523
188525
188526
188527
188528
188529
188530
188531
188532
188557
188559
188560
188562
188563
188564
188566
188567
188569
188570
188572
188573
188575
188576
188578
188579
188581
188582
188584
188585
188587
188588
188589
188590
188591
188592
188593
188594
188598
188599
188603
188604
188608
188609
188613
188614
188618
188619
188623
188624
188628
188629
188633
188634
188635
188637
188638
188639
188640
188642
188651
188652
188653
188654
188658
188659
188663
188664
188668
188669
188673
188674
188678
188679
188683
188684
188688
188689
188693
188694
188695
188697
188698
188699
188700
188702
188711
188712
188713
188714
188715
188718
188720
188721
188722
188723
188726
188728
188729
188730
188734
188735
188739
188740
188744
188745
188749
188750
188754
188755
188759
188761
188764
188766
188773
188774
188775
188778
188780
188781
188782
188783
188786
188788
188789
188790
188794
188795
188799
188800
188804
188805
188809
188810
188814
188815
188819
188821
188824
188826
188835
188837
188840
188842
188863
188864
188865
188867
188868
188869
188870
188872
188873
188874
188876
188877
188879
188880
188882
188883
188885
188886
188888
188889
188891
188892
188895
188897
188900
188902
188923
188924
188925
188927
188928
188929
188930
188932
188933
188934
188936
188937
188939
188940
188942
188943
188945
188946
188948
188949
188951
188952
188953
188954
188955
188956
188960
188962
188964
188965
188966
188967
188970
188972
188973
188974
188975
188981
188982
188986
188987
188988
188994
188995
188999
189000
189001
189007
189008
189012
189013
189016
189019
189021
189023
189033
189034
189035
189038
189040
189041
189042
189043
189046
189048
189049
189050
189054
189055
189059
189060
189064
189065
189069
189070
189074
189075
189079
189081
189084
189086
189096
189098
189100
189103
189105
189133
189134
189135
189136
189138
189140
189141
189142
189143
189145
189146
189147
189148
189151
189152
189154
189155
189156
189159
189160
189162
189163
189164
189167
189168
189170
189171
189172
189175
189177
189180
189182
189203
189204
189205
189207
189208
189209
189210
189212
189213
189214
189216
189217
189219
189220
189222
189223
189225
189226
189228
189229
189231
189232
189233
189234
189235
189236
189240
189242
189244
189245
189246
189247
189250
189252
189253
189254
189255
189261
189262
189266
189267
189268
189274
189275
189279
189280
189281
189287
189288
189292
189293
189296
189299
189301
189303
189313
189314
189315
189318
189320
189321
189322
189323
189326
189328
189329
189330
189334
189335
189339
189340
189344
189345
189349
189350
189354
189355
189359
189361
189364
189366
189376
189378
189380
189383
189385
189413
189414
189415
189416
189418
189420
189421
189422
189423
189425
189426
189427
189428
189431
189432
189434
189435
189436
189439
189440
189442
189443
189444
189447
189448
189450
189451
189452
189455
189457
189460
189462
189483
189484
189485
189487
189488
189489
189490
189492
189493
189494
189496
189497
189499
189500
189502
189503
189505
189506
189508
189509
189511
189512
189513
189514
189515
189518
189520
189521
189522
189523
189526
189528
189529
189530
189534
189535
189539
189540
189544
189545
189549
189550
189554
189555
189559
189561
189564
189566
189573
189574
189575
189578
189580
189581
189582
189583
189586
189588
189589
189590
189594
189595
189599
189600
189604
189605
189609
189610
189614
189615
189619
189621
189624
189626
189635
189637
189640
189642
189663
189664
189665
189667
189668
189669
189670
189672
189673
189674
189676
189677
189679
189680
189682
189683
189685
189686
189688
189689
189691
189692
189695
189697
189700
189702
189723
189724
189725
189727
189728
189729
189730
189732
189733
189734
189736
189737
189739
189740
189742
189743
189745
189746
189748
189749
189751
189752
189957
189962
189964
189965
189970
189972
189978
189980
189981
189986
189988
189989
189994
189996
190002
190004
190007
190009
190012
190014
190019
190021
190024
190026
190031
190033
190036
190038
190043
190045
190048
190050
190053
190060
190063
190064
190069
190071
190080
190082
190083
190088
190090
190091
190094
190098
190102
190105
190108
190110
190117
190120
190123
190125
190131
190133
190135
190139
190141
190143
190209
190214
190216
190217
190222
190224
190230
190232
190233
190238
190240
190241
190246
190253
190257
190259
190262
190264
190269
190271
190274
190276
190281
190283
190286
190292
190294
190297
190301
190308
190311
190312
190317
190319
190328
190331
190336
190338
190339
190342
190346
190350
190353
190356
190365
190368
190371
190373
190379
190381
190383
190387
190389
190391
190509
190510
190511
190512
190521
190522
190523
190535
190536
190537
190543
190544
190562
190563
190564
190565
190570
190571
190572
190582
190583
190584
190587
190588
190599
190600
190601
190604
190605
190606
190616
190617
190618
190621
190622
190623
190624
190625
190631
190632
190633
190643
190644
190645
190651
190652
190667
190668
190669
190672
190673
190674
190684
190685
190686
190689
190690
190691
190692
190693
190699
190700
190701
190711
190712
190713
190719
190720
190725
190726
190727
190733
190734
190735
190745
190746
190747
190753
190754
190769
190770
190771
190774
190775
190776
190786
190787
190788
190791
190792
190793
190794
190795
190801
190802
190806
190807
190808
190814
190815
190819
190820
190821
190827
190828
190832
190833
190834
190840
190841
190845
190846
190849
190863
190864
190868
190870
190871
190875
190877
190878
190882
190884
190885
190889
190891
190932
190933
190934
190937
190938
190940
190941
190942
190945
190946
190948
190949
190950
190953
190954
190956
190957
190958
190961
190962
190964
190965
190966
190984
190985
190987
190988
190989
190991
190992
190993
190995
190996
190997
190999
191000
191027
191028
191030
191031
191033
191034
191036
191037
191039
191040
191042
191043
191045
191046
191048
191049
191051
191052
191070
191071
191073
191074
191075
191077
191078
191079
191081
191082
191083
191085
191086
191087
191088
191092
191093
191097
191098
191102
191103
191107
191108
191112
191113
191117
191118
191122
191123
191127
191129
191139
191140
191144
191146
191147
191151
191153
191154
191158
191160
191161
191165
191167
191199
191200
191202
191203
191205
191206
191208
191209
191211
191212
191214
191215
191217
191218
191220
191221
191223
191224
191242
191243
191245
191246
191247
191249
191250
191251
191253
191254
191255
191257
191258
191259
191260
191264
191265
191269
191270
191274
191275
191279
191280
191284
191285
191289
191290
191294
191295
191299
191301
191311
191312
191316
191318
191319
191323
191325
191326
191330
191332
191333
191337
191339
191345
191346
191350
191351
191355
191356
191360
191361
191365
191366
191370
191371
191375
191376
191380
191381
191385
191387
191397
191398
191402
191404
191405
191409
191411
191412
191416
191418
191419
191423
191425
191457
191458
191460
191461
191463
191464
191466
191467
191469
191470
191472
191473
191475
191476
191478
191479
191481
191482
191500
191501
191503
191504
191505
191507
191508
191509
191511
191512
191513
191515
191516
191517
191518
191519
191520
191529
191530
191531
191537
191538
191539
191545
191546
191559
191560
191561
191567
191568
191572
191573
191574
191580
191581
191612
191613
191614
191615
191620
191621
191622
191625
191626
191627
191630
191631
191644
191645
191646
191649
191650
191652
191653
191654
191655
191656
191657
191658
191667
191668
191669
191675
191676
191677
191683
191684
191697
191698
191699
191705
191706
191710
191711
191714
191740
191741
191742
191743
191748
191749
191750
191753
191754
191755
191758
191759
191772
191773
191774
191777
191778
191780
191781
191782
191783
191784
191785
191791
191792
191793
191799
191800
191804
191805
191815
191816
191820
191821
191825
191826
191830
191831
191855
191856
191857
191860
191861
191862
191865
191866
191868
191869
191879
191880
191882
191883
191885
191886
191887
191888
191889
191895
191896
191897
191903
191904
191908
191909
191919
191920
191924
191925
191929
191931
191951
191952
191953
191956
191957
191958
191961
191962
191964
191965
191975
191976
191978
191979
191981
191982
191983
191984
191985
191986
191995
191996
191999
192000
192001
192007
192015
192016
192017
192023
192025
192026
192027
192033
192051
192052
192053
192056
192057
192058
192059
192062
192075
192076
192077
192080
192081
192082
192083
192086
192087
192088
192089
192095
192096
192097
192103
192104
192108
192109
192119
192120
192124
192125
192129
192131
192151
192152
192153
192156
192157
192158
192161
192162
192164
192165
192175
192176
192178
192179
192181
192182
192183
192184
192185
192186
192195
192196
192199
192200
192201
192207
192215
192216
192217
192223
192225
192226
192227
192233
192251
192252
192253
192256
192257
192258
192259
192262
192275
192276
192277
192280
192281
192282
192283
192286
192287
192288
192289
192295
192296
192297
192303
192304
192308
192309
192319
192320
192324
192325
192329
192331
192351
192352
192353
192356
192357
192358
192361
192362
192364
192365
192375
192376
192378
192379
192381
192382
192383
192384
192385
192391
192392
192393
192399
192400
192404
192405
192415
192416
192420
192421
192425
192426
192430
192431
192455
192456
192457
192460
192461
192462
192465
192466
192468
192469
192483
192484
192486
192487
192489
192490
192492
192493
192495
192496
192497
192503
192504
192507
192508
192512
192517
192518
192522
192524
192525
192529
192544
192545
192546
192549
192550
192551
192552
192554
192563
192564
192566
192567
192568
192570
192571
192572
192573
192579
192580
192584
192585
192586
192592
192593
192603
192604
192605
192611
192612
192616
192617
192618
192624
192625
192635
192636
192640
192641
192645
192646
192650
192651
192659
192660
192664
192665
192669
192670
192674
192675
192697
192698
192699
192702
192703
192705
192706
192707
192710
192711
192729
192730
192731
192734
192735
192737
192738
192739
192742
192743
192757
192758
192760
192761
192763
192764
192766
192767
192780
192781
192783
192784
192786
192787
192789
192790
192803
192804
192806
192807
192809
192810
192812
192813
192823
192824
192826
192827
192829
192830
192839
192840
192842
192843
192844
192846
192852
192853
192855
192856
192857
192858
192862
192863
192867
192868
192872
192873
192881
192882
192886
192887
192891
192893
192897
192898
192902
192904
192905
192909
192913
192914
192918
192920
192935
192936
192937
192940
192941
192942
192943
192946
192955
192956
192957
192960
192961
192962
192963
192964
192965
192971
192973
192974
192975
192981
192987
192988
192989
192995
192997
192998
193015
193016
193017
193020
193021
193022
193023
193026
193035
193036
193037
193040
193041
193042
193043
193044
193045
193051
193053
193054
193055
193061
193067
193068
193069
193075
193077
193078
193083
193084
193088
193089
193093
193094
193098
193099
193107
193108
193112
193113
193117
193118
193122
193123
193143
193144
193146
193147
193149
193150
193152
193153
193167
193168
193170
193171
193173
193174
193176
193177
193179
193180
193184
193185
193189
193190
193194
193195
193203
193204
193208
193209
193213
193214
193218
193219
193237
193238
193240
193241
193243
193244
193246
193247
193260
193261
193263
193264
193266
193267
193269
193270
193271
193272
193273
193279
193281
193282
193283
193289
193295
193296
193297
193303
193305
193306
193323
193324
193325
193328
193329
193330
193331
193334
193343
193344
193345
193348
193349
193350
193351
193352
193353
193359
193361
193362
193363
193369
193375
193376
193377
193383
193385
193386
193403
193404
193405
193408
193409
193410
193411
193414
193423
193424
193425
193428
193429
193430
193443
193444
193445
193448
193449
193450
193451
193454
193463
193464
193465
193468
193469
193470
193471
193472
193473
193479
193481
193482
193483
193489
193495
193496
193497
193503
193505
193506
193523
193524
193525
193528
193529
193530
193531
193534
193543
193544
193545
193548
193549
193550
193551
193552
193556
193558
193559
193563
193567
193568
193572
193574
193577
193578
193582
193583
193587
193588
193592
193593
193601
193602
193606
193608
193609
193613
193629
193630
193632
193633
193635
193636
193638
193639
193649
193650
193652
193653
193654
193656
193657
193658
193662
193663
193667
193669
193673
193674
193678
193680
193691
193692
193694
193695
193697
193698
193704
193705
193707
193708
193721
193722
193723
193726
193727
193728
193729
193732
193741
193742
193743
193746
193747
193748
193749
193750
193751
193757
193759
193760
193761
193767
193773
193774
193775
193781
193783
193784
193801
193802
193803
193806
193807
193808
193809
193812
193821
193822
193823
193826
193827
193828
193829
193830
193834
193836
193837
193841
193845
193846
193850
193852
195295
195296
195297
195298
195307
195308
195309
195321
195322
195323
195329
195330
195331
195354
195355
195356
195357
195362
195363
195364
195377
195378
195379
195382
195383
195384
195400
195401
195402
195403
195408
195409
195410
195423
195424
195425
195428
195429
195430
195433
195434
195435
195436
195445
195446
195447
195459
195460
195461
195467
195468
195469
195492
195493
195494
195495
195500
195501
195502
195515
195516
195517
195520
195521
195522
195525
195526
195527
195528
195537
195538
195539
195551
195552
195553
195559
195560
195561
195584
195585
195586
195587
195592
195593
195594
195607
195608
195609
195612
195613
195614
195617
195618
195619
195620
195629
195630
195631
195643
195644
195645
195651
195652
195653
195663
195664
195665
195671
195672
195676
195677
195678
195684
195685
195689
195690
195691
195697
195698
195702
195703
195704
195710
195711
195715
195716
195717
195719
195721
195722
195723
195724
195725
195727
195740
195741
195742
195743
195744
195748
195749
195753
195754
195758
195759
195763
195764
195768
195769
195773
195774
195778
195779
195783
195784
195785
195787
195788
195789
195790
195792
195801
195802
195836
195838
195839
195840
195842
195843
195844
195845
195848
195849
195851
195852
195853
195856
195857
195859
195860
195861
195864
195865
195867
195868
195869
195872
195873
195875
195876
195877
195878
195879
195880
195881
195882
195907
195909
195910
195912
195913
195914
195916
195917
195919
195920
195922
195923
195925
195926
195928
195929
195931
195932
195934
195935
195937
195938
195939
195940
195941
195942
195976
195978
195979
195980
195982
195983
195984
195985
195988
195989
195991
195992
195993
195996
195997
195999
196000
196001
196004
196005
196007
196008
196009
196012
196013
196015
196016
196017
196018
196019
196020
196021
196022
196047
196049
196050
196052
196053
196054
196056
196057
196059
196060
196062
196063
196065
196066
196068
196069
196071
196072
196074
196075
196077
196078
196079
196080
196081
196082
196083
196084
196085
196091
196092
196096
196097
196098
196104
196105
196109
196110
196111
196117
196118
196122
196123
196124
196130
196131
196135
196136
196137
196139
196141
196142
196143
196144
196145
196147
196160
196161
196162
196163
196164
196168
196169
196173
196174
196178
196179
196183
196184
196188
196189
196193
196194
196198
196199
196203
196204
196205
196207
196208
196209
196210
196212
196221
196222
196226
196228
196230
196233
196235
196263
196264
196265
196266
196268
196270
196271
196272
196273
196275
196276
196277
196278
196281
196282
196284
196285
196286
196289
196290
196292
196293
196294
196297
196298
196300
196301
196302
196305
196307
196310
196312
196333
196334
196335
196337
196338
196339
196340
196342
196343
196344
196346
196347
196349
196350
196352
196353
196355
196356
196358
196359
196361
196362
196363
196364
196365
196366
196370
196372
196374
196375
196376
196377
196380
196382
196383
196384
196385
196391
196392
196396
196397
196398
196404
196405
196409
196410
196411
196417
196418
196422
196423
196426
196429
196431
196433
196443
196444
196445
196448
196450
196451
196452
196453
196456
196458
196459
196460
196464
196465
196469
196470
196474
196475
196479
196480
196484
196485
196489
196491
196494
196496
196506
196508
196510
196513
196515
196543
196544
196545
196546
196548
196550
196551
196552
196553
196555
196556
196557
196558
196561
196562
196564
196565
196566
196569
196570
196572
196573
196574
196577
196578
196580
196581
196582
196585
196587
196590
196592
196613
196614
196615
196617
196618
196619
196620
196622
196623
196624
196626
196627
196629
196630
196632
196633
196635
196636
196638
196639
196641
196642
196643
196644
196645
196646
196650
196652
196654
196655
196656
196657
196660
196662
196663
196664
196665
196671
196672
196676
196677
196678
196684
196685
196689
196690
196691
196697
196698
196702
196703
196706
196709
196711
196713
196723
196724
196725
196728
196730
196731
196732
196733
196736
196738
196739
196740
196744
196745
196749
196750
196754
196755
196759
196760
196764
196765
196769
196771
196774
196776
196786
196788
196790
196793
196795
196802
196804
196806
196809
196811
196817
196819
196822
196824
196829
196831
196834
196836
196839
196846
196848
196850
196851
196856
196858
196866
196868
196870
196871
196876
196878
196879
196882
196886
196890
196892
196894
196897
196899
196906
196908
196910
196913
196915
196921
196923
196926
196932
196934
196937
196941
196946
196948
196949
196954
196956
196962
196964
196965
196970
196972
196973
196978
196985
196990
196993
196996
196998
197005
197008
197011
197013
197019
197021
197023
197027
197029
197031
197033
197040
197043
197044
197049
197051
197060
197062
197063
197068
197070
197071
197074
197078
197210
197213
197216
197218
197225
197228
197231
197233
197239
197241
197243
197247
197249
197251
197253
197260
197263
197264
197269
197271
197280
197282
197283
197288
197290
197291
197294
197298
197301
197303
197306
197308
197313
197315
197318
197320
197325
197327
197330
197336
197338
197341
197345
197350
197352
197353
197358
197360
197366
197368
197369
197374
197376
197377
197382
197389
197458
197461
197464
197466
197473
197476
197479
197481
197487
197489
197491
197495
197497
197499
197501
197508
197511
197512
197517
197519
197528
197530
197531
197536
197538
197539
197542
197546
197599
197600
197601
197602
197611
197612
197613
197625
197626
197627
197633
197634
197635
197658
197659
197660
197661
197666
197667
197668
197678
197679
197680
197683
197684
197698
197699
197700
197701
197706
197707
197708
197718
197719
197720
197723
197724
197725
197726
197727
197733
197734
197735
197745
197746
197747
197753
197754
197769
197770
197771
197774
197775
197776
197786
197787
197788
197791
197792
197793
197794
197795
197801
197802
197803
197813
197814
197815
197821
197822
197827
197828
197829
197835
197836
197837
197847
197848
197849
197855
197856
197871
197872
197873
197876
197877
197878
197888
197889
197890
197893
197894
197895
197896
197897
197903
197904
197905
197915
197916
197917
197923
197924
197939
197940
197941
197944
197945
197946
197956
197957
197958
197961
197962
197973
197974
197975
197978
197979
197980
197990
197991
197992
197995
197996
197997
197998
197999
198005
198006
198007
198017
198018
198019
198025
198026
198031
198032
198033
198039
198040
198044
198045
198046
198052
198053
198057
198058
198059
198065
198066
198070
198071
198072
198078
198079
198083
198084
198087
198101
198102
198106
198107
198111
198112
198116
198117
198121
198122
198126
198127
198131
198132
198136
198137
198141
198143
198188
198189
198190
198193
198194
198196
198197
198198
198201
198202
198204
198205
198206
198209
198210
198212
198213
198214
198217
198218
198237
198238
198240
198241
198242
198244
198245
198246
198248
198249
198250
198252
198253
198254
198290
198291
198292
198295
198296
198298
198299
198300
198303
198304
198306
198307
198308
198311
198312
198314
198315
198316
198319
198320
198322
198323
198324
198342
198343
198345
198346
198347
198349
198350
198351
198353
198354
198355
198357
198358
198359
198360
198364
198365
198369
198370
198374
198375
198379
198380
198384
198385
198389
198390
198394
198395
198399
198401
198411
198412
198416
198418
198419
198423
198425
198426
198430
198432
198433
198437
198439
198471
198472
198474
198475
198477
198478
198480
198481
198483
198484
198486
198487
198489
198490
198492
198493
198495
198496
198514
198515
198517
198518
198519
198521
198522
198523
198525
198526
198527
198529
198530
198531
198535
198536
198540
198541
198545
198546
198550
198551
198555
198556
198560
198561
198565
198566
198570
198572
198582
198583
198587
198589
198590
198594
198596
198597
198601
198603
198604
198608
198610
198616
198617
198621
198622
198626
198627
198631
198632
198636
198637
198641
198642
198646
198647
198651
198652
198656
198658
198668
198669
198673
198675
198676
198680
198682
198683
198687
198689
198690
198694
198727
198728
198730
198731
198733
198734
198736
198737
198739
198740
198742
198743
198745
198746
198748
198749
198751
198752
198770
198771
198773
198774
198775
198777
198778
198779
198781
198782
198783
198785
198812
198813
198815
198816
198818
198819
198821
198822
198824
198825
198827
198828
198830
198831
198833
198834
198836
198837
198855
198856
198858
198859
198860
198862
198863
198864
198866
198867
198868
198870
198871
198872
198873
198877
198878
198882
198883
198887
198888
198892
198893
198897
198898
198902
198903
198907
198908
198912
198914
198924
198925
198929
198931
198932
198936
198938
198939
198943
198945
198946
198950
198952
198984
198985
198987
198988
198990
198991
198993
198994
198996
198997
198999
199000
199002
199003
199005
199006
199008
199009
199027
199028
199030
199031
199032
199034
199035
199036
199038
199039
199040
199042
199043
199044
199045
199049
199050
199054
199055
199059
199060
199064
199065
199069
199070
199074
199075
199079
199080
199084
199086
199096
199097
199101
199103
199104
199108
199110
199111
199115
199117
199118
199122
199124
199130
199131
199132
199133
199142
199143
199144
199150
199151
199152
199158
199159
199172
199173
199174
199180
199181
199182
199188
199189
199193
199194
199225
199226
199227
199228
199233
199234
199235
199238
199239
199240
199243
199244
199262
199263
199264
199267
199268
199269
199272
199273
199275
199276
199278
199279
199280
199286
199287
199291
199292
199293
199299
199300
199310
199311
199315
199316
199320
199321
199325
199326
199350
199351
199352
199355
199356
199358
199359
199360
199363
199364
199378
199379
199381
199382
199384
199385
199387
199388
199390
199391
199392
199398
199399
199403
199404
199405
199411
199412
199422
199423
199427
199428
199432
199433
199437
199438
199462
199463
199464
199467
199468
199470
199471
199472
199475
199476
199490
199491
199493
199494
199496
199497
199499
199500
199502
199503
199504
199510
199511
199515
199516
199517
199523
199524
199534
199535
199539
199540
199544
199545
199549
199550
199569
199570
199571
199574
199575
199577
199578
199579
199588
199589
199591
199592
199594
199595
199596
199597
199598
199604
199605
199609
199610
199611
199617
199618
199628
199629
199633
199635
199636
199640
199660
199661
199662
199665
199666
199668
199669
199670
199673
199674
199684
199685
199687
199688
199689
199691
199692
199693
199694
199700
199701
199705
199706
199707
199713
199714
199724
199725
199729
199731
199732
199736
199756
199757
199758
199761
199762
199764
199765
199766
199769
199770
199780
199781
199783
199784
199785
199787
199788
199789
199790
199791
199800
199801
199804
199805
199806
199812
199820
199821
199822
199828
199830
199831
199852
199853
199854
199855
199860
199861
199862
199863
199864
199867
199876
199877
199878
199881
199882
199883
199884
199885
199886
199887
199896
199897
199900
199901
199902
199908
199916
199917
199918
199924
199926
199927
199948
199949
199950
199951
199956
199957
199958
199959
199960
199963
199972
199973
199974
199977
199978
199979
199996
199997
199998
200001
200002
200004
200005
200006
200009
200010
200020
200021
200023
200024
200025
200027
200028
200029
200030
200036
200037
200041
200042
200043
200049
200050
200060
200061
200065
200067
200068
200072
200092
200093
200094
200097
200098
200100
200101
200102
200105
200106
200116
200117
200119
200120
200121
200123
200124
200125
200126
200132
200133
200137
200138
200139
200145
200146
200156
200157
200161
200163
200164
200168
200172
200173
200174
200180
200181
200185
200186
200187
200193
200194
200204
200205
200209
200211
200212
200216
200236
200237
200238
200241
200242
200244
200245
200246
200249
200250
200260
200261
200263
200264
200265
200267
200268
200269
200270
200276
200277
200281
200282
200283
200289
200290
200300
200301
200305
200307
200308
200312
200327
200328
200329
200332
200333
200335
200336
200337
200343
200344
200346
200347
200348
200349
200350
200351
200360
200361
200364
200365
200366
200372
200380
200381
200382
200388
200390
200391
200412
200413
200414
200415
200420
200421
200422
200423
200424
200427
200436
200437
200438
200441
200442
200443
200444
200445
200446
200447
200455
200456
200459
200460
200461
200467
200474
200475
200476
200482
200484
200485
200505
200506
200507
200508
200512
200513
200514
200515
200516
200519
200528
200529
200530
200533
200534
200535
200536
200537
200538
200544
200545
200546
200552
200554
200560
200561
200562
200568
200569
200572
200588
200589
200590
200593
200594
200595
200598
200599
200608
200609
200610
200613
200614
200615
200616
200617
200618
200624
200625
200626
200632
200634
200640
200641
200642
200648
200649
200652
200668
200669
200670
200673
200674
200675
200678
200679
200688
200689
200690
200693
200694
200695
200696
200697
200701
200702
200706
200707
200711
200712
200720
200721
200725
200727
200728
200732
200748
200749
200751
200752
200754
200755
200757
200758
200768
200769
200771
200772
200773
200775
200776
200777
200781
200782
200786
200787
200791
200792
200800
200801
200805
200807
200808
200812
200828
200829
200831
200832
200834
200835
200837
200838
200848
200849
200851
200852
200853
200855
200856
200857
200861
200862
200866
200867
200871
200872
200880
200881
200885
200887
200888
200892
200908
200909
200911
200912
200914
200915
200917
200918
200928
200929
200931
200932
200933
200935
200936
200937
200941
200942
200946
200947
200951
200952
200960
200961
200965
200967
200968
200972
200984
200985
200987
200988
200990
200991
200997
200998
201000
201001
201002
201003
201007
201008
201012
201013
201017
201018
201026
201027
201031
201033
201034
201038
201054
201055
201057
201058
201060
201061
201063
201064
201074
201075
201077
201078
201079
201081
201082
201083
201087
201088
201092
201093
201097
201098
201106
201107
201111
201113
201114
201118
201134
201135
201137
201138
201140
201141
201143
201144
201154
201155
201157
201158
201159
201161
201162
201163
201167
201168
201172
201173
201177
201178
201186
201187
201191
201192
201196
201198
201214
201215
201217
201218
201220
201221
201223
201224
201234
201235
201237
201238
201240
201241
201242
201243
201247
201248
201252
201253
201257
201258
201266
201267
201271
201272
201276
201278
201294
201295
201297
201298
201300
201301
201303
201304
201314
201315
201317
201318
201320
201321
201322
201323
201324
201330
201331
201332
201338
201340
201346
201347
201348
201354
201355
201358
201374
201375
201376
201379
201380
201381
201384
201385
201394
201395
201396
201399
201400
201401
201402
201403
201404
201410
201411
201412
201418
201420
201426
201427
201428
201434
201435
201438
201450
201451
201453
201454
201456
201457
201463
201464
201466
201467
208997
208998
209156
209244
209287
