34561
34562
34563
34564
34565
34566
34587
34588
34589
34590
34609
34610
34611
34612
34613
34614
34635
34636
34637
34638
34658
34660
34662
34684
34686
34706
34708
34710
34732
34734
34754
34756
34758
34780
34782
34802
34804
34806
34828
34830
34850
34852
34854
34876
34878
34945
34946
34947
34948
34949
34950
34971
34972
34994
34996
34998
35020
35042
35044
35046
35068
35090
35092
35094
35116
35138
35140
35142
35164
35186
35188
35190
35212
35234
35236
35238
35260
35282
35284
35286
35308
35329
35330
35331
35332
35333
35334
35355
35356
35378
35380
35382
35404
35426
35428
35430
35452
35474
35476
35478
35500
35522
35524
35526
35548
35570
35572
35574
35596
35618
35620
35622
35644
35666
35668
35670
35692
35713
35714
35715
35716
35717
35718
35739
35740
35762
35764
35766
35788
35810
35812
35814
35836
35858
35860
35862
35884
35906
35908
35910
35932
35954
35956
35958
35980
36002
36004
36006
36028
36050
36052
36054
36076
36097
36098
36099
36100
36101
36102
36123
36124
36146
36148
36150
36172
36194
36196
36198
36220
36242
36244
36246
36268
36290
36292
36294
36316
36338
36340
36342
36364
36386
36388
36390
36412
36434
36436
36438
36460
36481
36482
36483
36484
36485
36486
36507
36508
36530
36532
36534
36556
36578
36580
36582
36604
36626
36628
36630
36652
36674
36676
36678
36700
36722
36724
36726
36748
36770
36772
36774
36796
36818
36820
36822
36844
36867
36868
36869
36870
36891
36892
36893
36894
36916
36918
36940
36942
36963
36964
36965
36966
36987
36988
36989
36990
37059
37060
37061
37062
37083
37084
37085
37086
37155
37156
37157
37158
37179
37180
37181
37182
37251
37252
37253
37254
37275
37276
37277
37278
37300
37302
37324
37326
37347
37348
37349
37350
37371
37372
37373
37374
37443
37444
37445
37446
37467
37468
37469
37470
37539
37540
37541
37542
37563
37564
37565
37566
37635
37636
37637
37638
37659
37660
37661
37662
37684
37686
37708
37710
37731
37732
37733
37734
37755
37756
37757
37758
37827
37828
37829
37830
37851
37852
37853
37854
37923
37924
37925
37926
37947
37948
37949
37950
38019
38020
38021
38022
38043
38044
38045
38046
38068
38070
38092
38094
38115
38116
38117
38118
38139
38140
38141
38142
38211
38212
38213
38214
38235
38236
38237
38238
38307
38308
38309
38310
38331
38332
38333
38334
38403
38404
38405
38406
38427
38428
38429
38430
38452
38454
38476
38478
38499
38500
38501
38502
38523
38524
38525
38526
38595
38596
38597
38598
38619
38620
38621
38622
38691
38692
38693
38694
38715
38716
38717
38718
38787
38788
38789
38790
38811
38812
38813
38814
38836
38838
38860
38862
38883
38884
38885
38886
38907
38908
38909
38910
38979
38980
38981
38982
39003
39004
39005
39006
39075
39076
39077
39078
39099
39100
39101
39102
39171
39172
39173
39174
39195
39196
39197
39198
39220
39222
39244
39246
39267
39268
39269
39270
39291
39292
39293
39294
39363
39364
39365
39366
39387
39388
39389
39390
39459
39460
39461
39462
39483
39484
39485
39486
39555
39556
39557
39558
39579
39580
39581
39582
39604
39606
39628
39630
39651
39652
39653
39654
39675
39676
39677
39678
39747
39748
39749
39750
39771
39772
39773
39774
39843
39844
39845
39846
39867
39868
39869
39870
39939
39940
39941
39942
39963
39964
39965
39966
39988
39990
40012
40014
40035
40036
40037
40038
40059
40060
40061
40062
40131
40132
40133
40134
40155
40156
40157
40158
40227
40228
40229
40230
40251
40252
40253
40254
40323
40324
40325
40326
40347
40348
40349
40350
40372
40374
40396
40398
40419
40420
40421
40422
40443
40444
40445
40446
40515
40516
40517
40518
40539
40540
40541
40542
40611
40612
40613
40614
40635
40636
40637
40638
40707
40708
40709
40710
40731
40732
40733
40734
40756
40758
40780
40782
40804
40806
40828
40830
40852
40854
40876
40878
40900
40902
40924
40926
40948
40950
40972
40974
40996
40998
41020
41022
41044
41046
41068
41070
41091
41092
41093
41094
41115
41116
41117
41118
41140
41142
41164
41166
41188
41190
41212
41214
41236
41238
41260
41262
41284
41286
41308
41310
41332
41334
41356
41358
41380
41382
41404
41406
41428
41430
41452
41454
41475
41476
41477
41478
41499
41500
41501
41502
41524
41526
41548
41550
41572
41574
41596
41598
41620
41622
41644
41646
41668
41670
41692
41694
41716
41718
41740
41742
41764
41766
41788
41790
41812
41814
41836
41838
41859
41860
41861
41862
41883
41884
41908
41910
41932
41956
41958
41980
42004
42006
42028
42052
42054
42076
42100
42102
42124
42148
42150
42172
42196
42198
42220
42241
42243
42245
42247
42249
42251
42259
42261
42263
42271
42273
42275
42283
42285
42287
42303
42305
42309
42311
42321
42323
42333
42335
42345
42347
42969
42971
42981
42983
42993
42995
43005
43007
43017
43019
43029
43031
43041
43043
43053
43055
43065
43067
43077
43079
43321
43323
43325
43327
43329
43331
43339
43341
43343
43351
43353
43355
43363
43365
43367
43383
43385
43389
43391
43401
43403
43413
43415
43425
43427
43927
43929
43931
43939
43941
43943
43951
43953
43955
43963
43965
43967
43975
43977
43979
43989
43991
44001
44003
44013
44015
44025
44027
44037
44039
44161
44163
44165
44167
44169
44171
44179
44181
44183
44191
44193
44195
44203
44205
44207
44223
44225
44229
44231
44241
44243
44253
44255
44265
44267
45001
45003
45005
45007
45009
45011
45019
45021
45023
45031
45033
45035
45043
45045
45047
45063
45069
45081
45093
45105
46082
46084
46086
46088
46090
46092
46100
46102
46104
46112
46114
46116
46124
46126
46128
46144
46146
46150
46152
46162
46164
46174
46176
46186
46188
46804
46806
46810
46812
46822
46824
46834
46836
46846
46848
46864
46866
46870
46872
46882
46884
46894
46896
46906
46908
47048
47050
47052
47060
47062
47064
47072
47074
47076
47084
47086
47088
47096
47098
47100
47110
47112
47122
47124
47134
47136
47146
47148
47158
47160
47768
47770
47772
47780
47782
47784
47792
47794
47796
47804
47806
47808
47816
47818
47820
47830
47832
47842
47844
47854
47856
47866
47868
47878
47880
48122
48124
48126
48128
48130
48132
48140
48142
48144
48152
48154
48156
48164
48166
48168
48184
48186
48190
48192
48202
48204
48214
48216
48226
48228
48244
48246
48250
48252
48262
48264
48274
48276
48286
48288
48304
48306
48310
48312
48322
48324
48334
48336
48346
48348
48967
48969
48971
48979
48981
48983
48991
48993
48995
49003
49005
49007
49015
49017
49019
49029
49031
49041
49043
49053
49055
49065
49067
49077
49079
49090
49092
49102
49104
49114
49116
49126
49128
49138
49140
49150
49152
49162
49164
49174
49176
49186
49188
49198
49200
49210
49212
49222
49224
49234
49236
49246
49248
49258
49260
49270
49272
49282
49284
49294
49296
49306
49308
49318
49320
49329
49331
49341
49343
49353
49355
49365
49367
49377
49379
49389
49391
49401
49403
49413
49415
49425
49427
49437
49439
52082
52084
52086
52088
52090
52092
52100
52102
52104
52112
52114
52116
52124
52126
52128
52144
52146
52150
52152
52162
52164
52174
52176
52186
52188
52201
52203
52205
52207
52209
52211
52219
52221
52223
52231
52233
52235
52243
52245
52247
52263
52265
52269
52271
52281
52283
52293
52295
52305
52307
52445
52447
52449
52451
52459
52463
52471
52475
52483
52487
52505
52507
52519
52531
52543
53045
53047
53049
53051
53059
53063
53071
53075
53083
53087
53105
53107
53119
53131
53143
53285
53287
53289
53291
53299
53303
53311
53315
53323
53327
53345
53347
53359
53371
53383
54007
54011
54019
54023
54031
54035
54043
54047
54055
54059
54067
54071
54079
54083
54091
54095
54103
54107
54115
54119
54243
54247
54251
54255
54259
54263
54267
54271
54275
54279
54283
54287
54291
54295
54299
54307
54319
54331
54343
54355
54481
54483
54485
54487
54489
54491
54495
54499
54503
54507
54511
54515
54519
54523
54527
54545
54547
54559
54571
54583
54728
54732
54740
54744
54752
54756
54764
54768
54776
54780
54788
54800
54812
54824
54836
54966
54968
54970
54972
54980
54984
54992
54996
55004
55008
55026
55028
55030
55032
55040
55044
55052
55056
55064
55068
55328
55332
55340
55344
55352
55356
55364
55368
55376
55380
55388
55400
55412
55424
55436
55926
55928
55930
55932
55940
55944
55952
55956
55964
55968
55986
55988
56000
56012
56024
56166
56168
56170
56172
56180
56184
56192
56196
56204
56208
56226
56228
56240
56252
56264
57006
57008
57010
57012
57020
57024
57032
57036
57044
57048
57066
57068
57080
57092
57104
57124
57128
57132
57136
57140
57144
57148
57152
57156
57160
57164
57168
57172
57176
57180
57188
57200
57212
57224
57236
57243
57247
57251
57255
57259
57263
57267
57271
57275
57279
57283
57287
57291
57295
57299
57307
57319
57331
57343
57355
57365
57367
57369
57371
57379
57383
57391
57395
57403
57407
57425
57427
57439
57451
57463
57486
57488
57490
57492
57500
57504
57512
57516
57524
57528
57546
57548
57560
57572
57584
60724
60728
60732
60736
60740
60744
60748
60752
60756
60760
60764
60768
60772
60776
60780
60788
60792
60800
60804
60812
60816
60824
60828
60836
60840
60847
60851
60859
60863
60871
60875
60883
60887
60895
60899
60907
60911
60919
60923
60931
60935
60943
60947
60955
60959
60967
60971
60979
60983
60991
60995
61003
61007
61015
61019
61027
61031
61039
61043
61051
61055
61063
61067
61075
61079
61088
61092
61100
61104
61112
61116
61124
61128
61136
61140
61148
61152
61160
61164
61172
61176
61184
61188
61196
61200
61208
61212
61220
61224
61232
61236
61244
61248
61256
61260
61268
61280
61292
61304
61316
61327
61331
61339
61343
61351
61355
61363
61367
61375
61379
61387
61399
61411
61423
61435
61447
61449
61451
61461
61463
61474
61476
61486
61488
61498
61500
61510
61512
61521
61523
61533
61535
61538
61540
61542
61552
61554
61561
61563
61565
61575
61577
61588
61590
61600
61602
61611
61613
61623
61625
61633
61635
61637
61647
61649
61658
61660
61662
61672
61674
61689
61691
61701
61703
61714
61716
61726
61728
63314
63316
63318
63328
63330
63337
63339
63341
63351
63353
63368
63370
63372
63382
63384
63391
63393
63395
63405
63407
63409
63411
63413
63423
63425
63434
63436
63438
63448
63450
63459
63463
63467
63475
63488
63492
63500
63508
63512
63516
63524
63531
63535
63539
63547
63557
63561
63569
63582
63586
63594
63606
63610
63618
63629
63633
63641
64948
64952
64956
64964
64968
64975
64979
64987
64991
64994
64998
65002
65010
65014
65021
65025
65033
65037
65047
65051
65059
65063
65072
65076
65084
65088
65096
65100
65108
65119
65123
65131
65144
65148
65156
65167
65171
65179
65190
65194
65202
65213
65217
65225
65238
65242
65250
65261
65265
65273
65281
65283
65285
65287
65289
65291
65293
65295
65297
65305
65307
65309
65311
65313
65315
65319
65321
65325
65327
65331
65333
65343
65345
65349
65351
65360
65362
65364
65366
65368
65370
65378
65380
65382
65384
65386
65388
65398
65400
65404
65406
65416
65418
65422
65424
65425
65427
65429
65431
65433
65435
65437
65439
65441
65449
65451
65453
65455
65457
65459
65463
65469
65475
65487
65493
65504
65506
65508
65510
65512
65514
65522
65524
65526
65528
65530
65532
65542
65548
65560
65566
65571
65573
65577
65579
65583
65585
65595
65597
65601
65603
65607
65613
65619
65631
65637
65650
65652
65656
65658
65668
65670
65674
65676
65686
65692
65704
65710
65713
65715
65717
65719
65721
65723
65725
65727
65729
65737
65739
65741
65751
65753
65757
65759
65763
65765
65775
65777
65786
65788
65790
65792
65794
65796
65798
65800
65802
65810
65812
65814
65824
65826
65830
65832
65836
65838
65848
65850
65863
65865
65867
65869
65871
65873
65881
65883
65885
65887
65889
65891
65900
65902
65904
65906
65908
65910
65918
65920
65922
65924
65926
65928
65937
65943
65955
65961
65974
65980
65992
65998
66003
66005
66007
66009
66011
66013
66015
66017
66021
66027
66033
66043
66045
66047
66063
66076
66078
66080
66082
66084
66086
66088
66090
66094
66100
66106
66116
66118
66120
66136
66145
66147
66149
66151
66153
66155
66165
66171
66182
66184
66186
66188
66190
66192
66202
66208
66217
66219
66221
66223
66225
66227
66237
66243
66254
66256
66258
66260
66262
66264
66274
66280
66298
66300
66304
66306
66316
66318
66322
66324
66333
66335
66339
66341
66351
66353
66357
66359
66370
66372
66376
66378
66388
66390
66394
66405
66407
66411
66413
66423
66425
66429
66440
66442
66446
66448
66458
66460
66475
66477
66481
66483
66493
66495
66512
66514
66518
66520
66530
66532
66547
66549
66553
66555
66565
66567
66584
66586
66590
66592
66602
66604
66619
66621
66625
66627
66637
66639
66656
66658
66662
66664
66674
66676
66693
66699
66711
66729
66731
66735
66737
66747
66753
66766
66768
66772
66774
66784
66790
66795
66797
66801
66803
66807
66809
66813
66819
66825
66838
66840
66844
66846
66856
66862
66874
66876
66880
66882
66892
66898
66909
66911
66927
66945
66947
66963
66982
66984
67000
67016
67018
67022
67024
67034
67036
67051
67053
67057
67059
67069
67071
67090
67096
67108
67125
67131
67143
78385
78387
78389
78391
78393
78395
78397
78399
78401
78405
78407
78411
78413
78417
78419
78427
78429
78431
78433
78435
78437
78447
78449
78453
78455
78460
78462
78466
78468
78472
78474
78478
78480
78484
78486
78490
78492
78502
78504
78508
78510
78520
78522
78526
78528
78529
78531
78533
78535
78537
78539
78541
78543
78545
78549
78555
78561
78571
78573
78575
78577
78579
78581
78591
78597
78602
78604
78606
78608
78610
78612
78614
78616
78618
78622
78628
78634
78644
78646
78648
78650
78652
78654
78664
78670
78673
78675
78677
78679
78681
78683
78685
78687
78689
78693
78695
78699
78701
78705
78707
78715
78717
78719
78735
78737
78746
78748
78750
78752
78754
78756
78758
78760
78762
78766
78768
78772
78774
78778
78780
78788
78790
78792
78808
78810
78824
78826
78828
78830
78832
78834
78842
78844
78846
78862
78864
78868
78870
78880
78882
78895
78897
78899
78901
78903
78905
78913
78915
78917
78933
78935
78939
78941
78951
78953
78967
78969
78973
78975
78985
78987
79004
79006
79010
79012
79022
79024
79039
79041
79045
79047
79057
79059
79076
79078
79082
79084
79094
79096
79108
79110
79114
79116
79126
79132
79143
79145
79149
79151
79161
79167
79180
79182
79186
79188
79198
79204
79215
79217
79221
79223
79233
79239
79251
79253
79257
79259
79269
79271
79275
79277
79288
79290
79294
79296
79306
79308
79312
79314
79323
79325
79329
79331
79341
79343
79347
79349
79360
79362
79366
79368
79378
79380
79384
79386
79395
79397
79401
79403
79413
79415
79419
79421
79432
79434
79438
79440
79450
79452
79456
79458
79467
79469
79473
79475
79485
79487
79491
79493
79510
79512
79528
79530
79545
79547
79551
79553
79563
79569
79582
79584
79588
79590
79600
79606
79617
79619
79623
79625
79635
79641
79654
79656
79660
79662
79672
79678
79689
79691
79695
79697
79707
79713
79726
79728
79732
79734
79744
79750
79761
79763
79767
79769
79779
79785
79798
79800
79816
79831
79833
79837
79839
79849
79851
79868
79870
79874
79876
79886
79888
79903
79905
79909
79911
79921
79923
79940
79942
79946
79948
79958
79960
79977
79979
79983
79985
79995
80001
80014
80016
80020
80022
80032
80038
80049
80051
80055
80057
80067
80073
80086
80088
80092
80094
80104
80110
80115
80117
80121
80123
80133
80139
80152
80154
80158
80160
80170
80176
80187
80189
80193
80195
80205
80211
80230
80232
80248
154333
154334
154335
154336
154337
154338
154339
154340
154341
154342
154343
154344
154345
154346
154347
154348
154349
154350
154351
154352
154353
154354
154355
154356
154357
154358
154359
154360
154361
154362
154363
154364
154365
154366
154367
154368
154369
154370
154371
154372
154373
154374
154375
154376
154377
154378
154379
154380
154381
154382
154383
154384
154385
154386
154387
154388
154389
154390
154391
154392
154393
154394
154395
154396
154397
154398
154399
154400
154401
154402
154403
154404
154405
154406
154407
154408
154409
154410
154411
154412
154413
154414
154415
154416
154417
154418
154419
154420
154421
154422
154423
154424
154425
154426
154427
154428
154429
154430
154431
154432
154433
154434
154435
154436
154437
154438
154439
154440
154441
154442
154443
154444
154445
154446
154447
154448
154449
154450
154451
154452
154453
154454
154455
154456
154457
154458
154459
154460
154461
154462
154463
154464
154465
154466
154467
154468
154469
154470
154471
154472
154473
154474
154475
154476
154477
154478
154479
154480
154481
154482
154483
154484
154485
154486
154487
154488
154489
154490
154491
154492
154493
154494
154495
154496
154497
154498
154499
154500
154501
154502
154503
154504
154505
154506
154507
154508
154509
154510
154511
154512
154513
154514
154515
154516
154517
154518
154519
154520
154521
154522
154523
154524
154525
154526
154527
154528
154529
154530
154531
154532
154533
154534
154535
154536
154537
154538
154539
154540
154541
154542
154543
154544
154545
154546
154547
154548
154549
154550
154551
154552
154553
154554
154555
154556
154557
154558
154559
154560
154561
154562
154563
154564
154565
154566
154567
154568
154569
154570
154571
154572
154573
154574
154575
154576
154577
154578
154579
154580
154581
154582
154583
154584
154585
154586
154587
154588
154589
154590
154591
154592
154593
154594
154595
154596
154597
154598
154599
154600
154601
154602
154603
154604
154605
154606
154607
154608
154609
154610
154611
154612
154613
154614
154615
154616
154617
154618
154619
154620
154621
154622
154623
154624
154625
154626
154627
154628
154629
154630
154631
154632
154633
154634
154635
154636
154637
154638
154639
154640
154641
154642
154643
154644
154645
154646
154647
154648
154649
154650
154651
154652
154653
154654
154655
154656
154657
154658
154659
154660
154661
154662
154663
154664
154665
154666
154667
154668
154669
154670
154671
154672
154673
154674
154675
154676
154677
154678
154679
154680
154681
154682
154683
154684
154685
154686
154687
154688
154689
154690
154691
154692
154693
154694
154695
154696
154697
154698
154699
154700
154701
154702
154703
154704
154705
154706
154707
154708
154709
154710
154711
154712
154713
154714
154715
154716
154717
154718
154719
154720
154721
154722
154723
154724
154725
154726
154727
154728
154729
154730
154731
154732
154733
154734
154735
154736
154737
154738
154739
154740
154741
154742
154743
154744
154745
154746
154747
154748
154749
154750
154751
154752
154753
154754
154755
154756
154757
154758
154759
154760
154761
154762
154763
154764
154765
154766
154767
154768
154769
154770
154771
154772
154773
154774
154775
154776
154777
154778
154779
154780
154781
154782
154783
154784
154785
154786
154787
154788
154789
154790
154791
154792
154793
154794
154795
154796
154797
154798
154799
154800
154801
154802
154803
154804
154805
154806
154807
154808
154809
154810
154811
154812
154813
154814
154815
154816
154817
154818
154819
154820
154821
154822
154823
154824
154825
154826
154827
154828
154829
154830
154831
154832
154833
154834
154835
154836
154837
154838
154839
154840
154841
154842
154843
154844
154845
154846
154847
154848
154849
154850
154851
154852
154853
154854
154855
154856
154857
154858
154859
154860
154861
154862
154863
154864
154865
154866
154867
154868
154869
154870
154871
154872
154873
154874
154875
154876
154877
154878
154879
154880
154881
154882
154883
154884
154885
154886
154887
154888
154889
154890
154891
154892
154893
154894
154895
154896
154897
154898
154899
154900
154901
154902
154903
154904
154905
154906
154907
154908
154909
154910
154911
154912
154913
154914
154915
154916
154917
154918
154919
154920
154921
154922
154923
154924
154925
154926
154927
154928
154929
154930
154931
154932
154933
154934
154935
154936
154937
154938
154939
154940
154941
154942
154943
154944
154945
154946
154947
154948
154949
154950
154951
154952
154953
154954
154955
154956
154957
154958
154959
154960
154961
154962
154963
154964
154965
154966
154967
154968
154969
154970
154971
154972
154973
154974
154975
154976
154977
154978
154979
154980
154981
154982
154983
154984
154985
154986
154987
154988
154989
154990
154991
154992
154993
154994
154995
154996
154997
154998
154999
155000
155001
155002
155003
155004
155005
155006
155007
155008
155009
155010
155011
155012
155013
155014
155015
155016
155017
155018
155019
155020
155021
155022
155023
155024
155025
155026
155027
155028
155029
155030
155031
155032
155033
155034
155035
155036
155037
155038
155039
155040
155041
155042
155043
155044
155045
155046
155047
155048
155049
155050
155051
155052
155053
155054
155055
155056
155057
155058
155059
155060
155061
155062
155063
155064
155065
155066
155067
155068
155069
155070
155071
155072
155073
155074
155075
155076
155077
155078
155079
155080
155081
155082
155083
155084
155085
155086
155087
155088
155089
155090
155091
155092
155093
155094
155095
155096
155097
155098
155099
155100
155101
155102
155103
155104
155105
155106
155107
155108
155109
155110
155111
155112
155113
155114
155115
155116
155117
155118
155119
155120
155121
155122
155123
155124
155125
155126
155127
155128
155129
155130
155131
155132
155133
155134
155135
155136
155137
155138
155139
155140
155141
155142
155143
155144
155145
155146
155147
155148
155149
155150
155151
155152
155153
155154
155155
155156
155157
155158
155159
155160
155161
155162
155163
155164
155165
155166
155167
155168
155169
155170
155171
155172
155173
155174
155175
155176
155177
155178
155179
155180
155181
155182
155183
155184
155185
155186
155187
155188
155189
155190
155191
155192
155193
155194
155195
155196
155197
155198
155199
155200
155201
155202
155203
155204
155205
155206
155207
155208
155209
155210
155211
155212
155213
155214
155215
155216
155217
155218
155219
155220
155221
155222
155223
155224
155225
155226
155227
155228
155229
155230
155231
155232
155233
155234
155235
155236
155237
155238
155239
155240
155241
155242
155243
155244
155245
155246
155247
155248
155249
155250
155251
155252
155253
155254
155255
155256
155257
155258
155259
155260
155261
155262
155263
155264
155265
155266
155267
155268
155269
155270
155271
155272
155273
155274
155275
155276
155277
155278
155279
155280
155281
155282
155283
155284
155285
155286
155287
155288
155289
155290
155291
155292
155293
155294
155295
155296
155297
155298
155299
155300
155301
155302
155303
155304
155305
155306
155307
155308
155309
155310
155311
155312
155313
155314
155315
155316
155317
155318
155319
155320
155321
155322
155323
155324
155325
155326
155327
155328
155329
155330
155331
155332
155333
155334
155335
155336
155337
155338
155339
155340
155341
155342
155343
155344
155345
155346
155347
155348
155349
155350
155351
155352
155353
155354
155355
155356
155357
155358
155359
155360
155361
155362
155363
155364
155365
155366
155367
155368
155369
155370
155371
155372
155373
155374
155375
155376
155377
155378
155379
155380
155381
155382
155383
155384
155385
155386
155387
155388
155389
155390
155391
155392
155393
155394
155395
155396
155397
155398
155399
155400
155401
155402
155403
155404
155405
155406
155407
155408
155409
155410
155411
155412
155413
155414
155415
155416
155417
155418
155419
155420
155421
155422
155423
155424
155425
155426
155427
155428
155429
155430
155431
155432
155433
155434
155435
155436
155437
155438
155439
155440
155441
155442
155443
155444
155445
155446
155447
155448
155449
155450
155451
155452
155453
155454
155455
155456
155457
155458
155459
155460
155461
155462
155463
155464
155465
155466
155467
155468
155469
155470
155471
155472
155473
155474
155475
155476
155477
155478
155479
155480
155481
155482
155483
155484
155485
155486
155487
155488
155489
155490
155491
155492
155493
155494
155495
155496
155497
155498
155499
155500
155501
155502
155503
155504
155505
155506
155507
155508
155509
155510
155511
155512
155513
155514
155515
155516
155517
155518
155519
155520
155521
155522
155523
155524
155525
155526
155527
155528
155529
155530
155531
155532
155533
155534
155535
155536
155537
155538
155539
155540
155541
155542
155543
155544
155545
155546
155547
155548
155549
155550
155551
155552
155553
155554
155555
155556
155557
155558
155559
155560
155561
155562
155563
155564
155565
155566
155567
155568
155569
155570
155571
155572
155573
155574
155575
155576
155577
155578
155579
155580
155581
155582
155583
155584
155585
155586
155587
155588
155589
155590
155591
155592
155593
155594
155595
155596
155597
155598
155599
155600
155601
155602
155603
155604
155605
155606
155607
155608
155609
155610
155611
155612
155613
155614
155615
155616
155617
155618
155619
155620
155621
155622
155623
155624
155625
155626
155627
155628
155629
155630
155631
155632
155633
155634
155635
155636
155637
155638
155639
155640
155641
155642
155643
155644
155645
155646
155647
155648
155649
155650
155651
155652
155653
155654
155655
155656
155657
155658
155659
155660
155661
155662
155663
155664
155665
155666
155667
155668
155669
155670
155671
155672
155673
155674
155675
155676
155677
155678
155679
155680
155681
155682
155683
155684
155685
155686
155687
155688
155689
155690
155691
155692
163613
163614
163615
163616
163625
163626
163627
163633
163634
163635
163641
163642
163646
163647
163648
163654
163655
163659
163660
163661
163667
163668
163672
163673
163676
163678
163679
163680
163686
163687
163688
163694
163695
163699
163700
163704
163705
163709
163710
163714
163715
163719
163720
163724
163726
164078
164079
164083
164084
164088
164089
164093
164094
164098
164099
164103
164104
164108
164109
164113
164114
164118
164119
164123
164124
164128
164129
164133
164134
164138
164139
164143
164144
164148
164149
164153
164154
164158
164159
164163
164164
164168
164169
164173
164174
164348
164349
164350
164351
164356
164357
164358
164361
164362
164363
164366
164367
164369
164370
164371
164374
164375
164377
164378
164379
164382
164383
164385
164386
164387
164388
164389
164390
164393
164394
164395
164398
164399
164401
164402
164404
164405
164407
164408
164410
164411
164413
164414
164416
164417
164733
164734
164735
164741
164742
164746
164747
164748
164754
164755
164759
164760
164761
164767
164768
164772
164773
164774
164780
164781
164785
164786
164787
164793
164794
164798
164799
164803
164804
164808
164809
164813
164814
164818
164819
164823
164824
164828
164829
164833
164834
164838
164839
164843
164844
164913
164914
164915
164916
164925
164926
164927
164933
164934
164935
164941
164942
164946
164947
164948
164954
164955
164959
164960
164961
164967
164968
164972
164973
164976
164978
164979
164980
164986
164987
164988
164994
164995
164999
165000
165004
165005
165009
165010
165014
165015
165019
165020
165024
165026
165468
165469
165470
165471
165476
165477
165478
165481
165482
165483
165486
165487
165489
165490
165491
165494
165495
165497
165498
165499
165502
165503
165505
165506
165507
165508
165509
165510
165513
165514
165515
165516
165518
165519
165520
165522
165523
165524
165526
165527
166092
166093
166094
166095
166103
166104
166105
166111
166112
166113
166118
166119
166124
166125
166126
166131
166132
166137
166138
166139
166144
166145
166149
166150
166152
166156
166157
166158
166164
166165
166166
166171
166172
166176
166177
166181
166182
166186
166187
166191
166192
166196
166197
166200
166202
166511
166512
166513
166519
166520
166521
166526
166527
166531
166532
166536
166537
166541
166542
166546
166547
166551
166552
166555
166557
166561
166562
166563
166569
166570
166571
166576
166577
166581
166582
166586
166587
166591
166592
166596
166597
166601
166602
166605
166607
166671
166672
166673
166678
166679
166684
166685
166686
166691
166692
166697
166698
166699
166704
166705
166710
166711
166712
166717
166718
166723
166724
166725
166730
166731
166735
166736
166740
166741
166745
166746
166750
166751
166755
166756
166760
166761
166765
166766
166770
166771
166775
166776
166780
166781
167166
167167
167168
167173
167174
167179
167180
167181
167186
167187
167192
167193
167194
167199
167200
167205
167206
167207
167212
167213
167218
167219
167220
167225
167226
167230
167231
167235
167236
167240
167241
167245
167246
167250
167251
167255
167256
167260
167261
167265
167266
167270
167271
167275
167276
167453
167454
167455
167456
167461
167462
167463
167466
167467
167468
167471
167472
167474
167475
167476
167479
167480
167482
167483
167484
167487
167488
167490
167491
167492
167493
167494
167495
167498
167499
167500
167503
167504
167506
167507
167509
167510
167512
167513
167515
167516
167518
167519
167521
167522
167526
167527
167528
167534
167535
167536
167541
167542
167546
167547
167551
167552
167556
167557
167561
167562
167566
167567
167570
167572
167576
167577
167578
167584
167585
167586
167591
167592
167596
167597
167601
167602
167606
167607
167611
167612
167616
167617
167620
167622
167958
167959
167960
167966
167967
167971
167972
167973
167979
167980
167984
167985
167986
167992
167993
167997
167998
167999
168005
168006
168010
168011
168012
168018
168019
168023
168024
168028
168029
168033
168034
168038
168039
168043
168044
168048
168049
168053
168054
168058
168059
168063
168064
168068
168069
168075
168076
168080
168081
168085
168086
168090
168091
168095
168096
168100
168101
168105
168106
168110
168111
168115
168116
168120
168121
168125
168126
168130
168131
168135
168136
168140
168141
168145
168146
168150
168151
168155
168156
168160
168161
168165
168166
168170
168171
168175
168176
168180
168181
168185
168186
168190
168191
168195
168196
168200
168201
168205
168206
168210
168211
168215
168216
168220
168221
168225
168226
168230
168231
168235
168236
168240
168241
168245
168246
168250
168251
168255
168256
168260
168261
168265
168266
168270
168271
168273
168274
168278
168279
168283
168284
168288
168289
168293
168294
168298
168299
168303
168304
168308
168309
168313
168314
168318
168319
168323
168324
168328
168329
168333
168334
168338
168339
168343
168344
168348
168349
168353
168354
168358
168359
168363
168364
168368
168369
169843
169844
169845
169846
169851
169852
169853
169856
169857
169858
169861
169862
169864
169865
169866
169869
169870
169872
169873
169874
169877
169878
169880
169881
169882
169883
169884
169885
169888
169889
169890
169893
169894
169896
169897
169899
169900
169902
169903
169905
169906
169908
169909
169911
169912
169913
169914
169915
169916
169921
169922
169923
169926
169927
169928
169931
169932
169934
169935
169936
169939
169940
169942
169943
169944
169947
169948
169950
169951
169952
169953
169954
169955
169958
169959
169960
169963
169964
169966
169967
169969
169970
169972
169973
169975
169976
169978
169979
169981
169982
170033
170034
170035
170038
170039
170040
170043
170044
170046
170047
170049
170050
170052
170053
170055
170056
170058
170059
170061
170062
170063
170064
170065
170068
170069
170070
170071
170073
170074
170075
170077
170078
170079
170081
170082
170248
170249
170250
170256
170257
170258
170264
170265
170269
170270
170274
170275
170279
170280
170284
170285
170289
170290
170294
170296
170298
170299
170300
170306
170307
170310
170311
170315
170317
170318
170322
170324
170325
170329
170331
170348
170349
170350
170356
170357
170358
170364
170365
170369
170370
170374
170375
170379
170380
170384
170385
170389
170390
170394
170396
170398
170399
170400
170406
170407
170410
170411
170415
170417
170418
170422
170424
170425
170429
170431
170613
170614
170618
170619
170623
170624
170628
170629
170633
170634
170638
170639
170643
170644
170648
170649
170653
170654
170658
170659
170663
170664
170668
170669
170673
170674
170678
170679
170683
170684
170688
170689
170693
170694
170698
170699
170703
170704
170708
170709
170733
170734
170735
170741
170742
170746
170747
170748
170754
170755
170759
170760
170761
170767
170768
170772
170773
170774
170780
170781
170785
170786
170787
170793
170794
170798
170799
170803
170805
170806
170810
170812
170813
170817
170819
170820
170824
170826
170827
170831
170853
170854
170855
170856
170865
170866
170867
170873
170874
170875
170881
170882
170886
170887
170888
170894
170895
170899
170900
170901
170907
170908
170912
170913
170916
170918
170919
170920
170926
170927
170930
170931
170935
170937
170938
170942
170944
170945
170949
170951
170975
170976
170980
170981
170985
170986
170990
170991
170995
170996
171000
171001
171005
171006
171010
171011
171015
171016
171020
171021
171025
171026
171029
171032
171033
171036
171039
171040
171043
171046
171047
171050
171053
171054
171057
171076
171077
171078
171084
171085
171086
171091
171092
171096
171097
171101
171102
171106
171107
171111
171112
171116
171117
171120
171122
171126
171127
171128
171134
171135
171136
171141
171142
171146
171147
171151
171152
171156
171157
171161
171162
171166
171167
171170
171172
171243
171244
171246
171247
171249
171250
171252
171253
171255
171256
171258
171259
171261
171262
171264
171265
171267
171268
171270
171271
171273
171274
171276
171277
171278
171280
171281
171282
171284
171285
171286
171288
171289
171290
171292
171461
171462
171463
171469
171470
171471
171476
171477
171481
171482
171486
171487
171491
171492
171496
171497
171501
171502
171505
171507
171511
171512
171513
171518
171519
171522
171523
171526
171529
171530
171533
171536
171537
171540
171542
171561
171562
171563
171569
171570
171571
171576
171577
171581
171582
171586
171587
171591
171592
171596
171597
171601
171602
171605
171607
171611
171612
171613
171618
171619
171622
171623
171626
171629
171630
171633
171636
171637
171640
171642
171873
171874
171875
171878
171879
171880
171883
171884
171886
171887
171889
171890
171892
171893
171895
171896
171898
171899
171901
171902
171903
171904
171905
171908
171909
171910
171911
171913
171914
171915
171917
171918
171919
171921
171922
171926
171927
171928
171933
171934
171939
171940
171941
171946
171947
171952
171953
171954
171959
171960
171965
171966
171967
171972
171973
171978
171979
171980
171985
171986
171990
171991
171994
171997
171998
172001
172004
172005
172008
172011
172012
172015
172018
172019
172022
172023
172024
172025
172031
172032
172036
172037
172038
172044
172045
172049
172050
172051
172057
172058
172062
172063
172064
172070
172071
172075
172076
172077
172083
172084
172088
172089
172093
172095
172096
172100
172102
172103
172107
172109
172110
172114
172116
172117
172121
172123
172124
172125
172131
172132
172133
172139
172140
172144
172145
172149
172150
172154
172155
172159
172160
172164
172165
172169
172171
172173
172174
172175
172181
172182
172185
172186
172190
172192
172193
172197
172199
172200
172204
172206
172211
172212
172213
172219
172220
172221
172226
172227
172231
172232
172236
172237
172241
172242
172246
172247
172251
172252
172255
172257
172261
172262
172263
172268
172269
172272
172273
172276
172279
172280
172283
172286
172287
172290
172292
173663
173664
173665
173668
173669
173671
173672
173673
173676
173677
173679
173680
173681
173684
173685
173687
173688
173689
173692
173693
173695
173696
173697
173700
173701
173703
173704
173706
173707
173709
173710
173712
173713
173715
173716
173718
173719
173721
173722
173724
173725
173727
173728
173730
173731
173733
173734
173736
173737
173739
173740
173742
173743
173745
173746
173748
173749
173751
173752
173754
173755
173757
173758
173760
173761
173763
173764
173766
173767
173769
173770
173772
173773
173775
173776
173778
173779
173781
173782
173784
173785
173787
173788
173790
173791
173793
173794
173796
173797
173799
173800
173802
173803
173805
173806
173808
173809
173811
173812
173814
173815
173817
173818
173820
173821
173823
173824
173826
173827
173829
173830
173832
173833
173835
173836
173838
173839
173841
173842
173844
173845
173847
173848
173850
173851
173853
173854
173856
173857
173859
173860
173862
173863
173865
173866
173868
173869
173871
173872
173874
173875
173877
173878
173880
173881
173883
173884
173886
173887
173889
173890
173892
173893
173895
173896
173898
173899
173901
173902
173904
173905
173907
173908
173910
173911
173913
173914
173916
173917
173919
173920
173922
173923
173925
173926
173928
173929
173931
173932
173934
173935
173937
173938
173940
173941
173943
173944
173946
173947
173948
173950
173951
173952
173954
173955
173956
173958
173959
173960
173962
173963
173964
173966
173967
173969
173970
173972
173973
173975
173976
173978
173979
173981
173982
173984
173985
173987
173988
173990
173991
173993
173994
173996
173997
173998
174000
174001
174002
174004
174005
174006
174008
174009
174010
174012
174013
174014
174015
174021
174022
174026
174027
174031
174032
174038
174039
174043
174044
174048
174049
174053
174054
174058
174059
174063
174064
174068
174069
174073
174074
174076
174077
174081
174082
174086
174087
174091
174092
174099
174100
174101
174106
174107
174111
174112
174116
174117
174119
174120
174121
174127
174128
174132
174133
174137
174138
174144
174145
174149
174150
174154
174155
174159
174160
174162
174163
174167
174168
174172
174173
174177
174178
174182
174183
174184
174190
174191
174195
174196
174200
174201
174208
174209
174210
174215
174216
174220
174221
174225
174226
174228
174229
174233
174234
174238
174239
174243
174244
174250
174251
174255
174256
174260
174261
174265
174266
175203
175204
175205
175208
175209
175211
175212
175214
175215
175217
175218
175219
175222
175223
175225
175226
175228
175229
175231
175232
175233
175236
175237
175239
175240
175242
175243
175245
175246
175247
175250
175251
175253
175254
175256
175257
175259
175260
175261
175264
175265
175267
175268
175270
175271
175273
175274
175275
175278
175279
175281
175282
175284
175285
175287
175288
175289
175295
175296
175300
175301
175305
175309
175310
175314
175315
175319
175320
175323
175327
175328
175329
175334
175335
175339
175340
175343
175344
175345
175346
175352
175353
175357
175358
175362
175364
175365
175369
175370
175374
175375
175379
175383
175384
175388
175389
175393
175394
175397
175400
175401
175405
175406
175410
175411
175414
175415
175416
175420
175421
175425
175426
175430
175937
175938
175939
175942
175943
175945
175946
175948
175949
175951
175952
175954
175955
175957
175958
175960
175961
175963
175964
175965
175968
175969
175971
175972
175974
175975
175977
175978
175980
175981
175983
175984
175986
175987
175989
175990
175992
175993
175995
175996
175998
175999
176001
176002
176004
176005
176007
176008
176010
176011
176013
176014
176016
176017
176019
176020
176022
176023
176024
176026
176027
176029
176030
176032
176033
176034
176036
176037
176039
176040
176042
176043
176044
176046
176047
176049
176050
176052
176053
176054
176056
176057
176059
176060
176062
176063
176064
176066
176067
176069
176070
176072
176073
176074
176076
176077
176079
176080
176082
176083
176084
176086
176087
176089
176090
176092
176093
176094
176095
176096
176105
176106
176107
176113
176114
176115
176121
176122
176126
176127
176128
176134
176135
176139
176140
176141
176147
176148
176152
176153
176154
176160
176161
176162
176168
176169
176173
176174
176178
176179
176183
176184
176188
176189
176193
176194
176201
176202
176203
176208
176209
176214
176215
176216
176221
176222
176227
176228
176229
176234
176235
176240
176241
176242
176247
176248
176252
176253
176257
176258
176262
176263
176267
176268
176272
176273
176277
176278
176282
176283
176287
176288
176290
176291
176292
176293
176302
176303
176304
176310
176311
176312
176318
176319
176323
176324
176325
176331
176332
176336
176337
176338
176344
176345
176349
176350
176351
176357
176358
176361
176362
176366
176368
176369
176373
176375
176376
176380
176385
176386
176387
176392
176393
176398
176399
176400
176405
176406
176411
176412
176413
176418
176419
176424
176425
176426
176431
176432
176436
176437
176440
176443
176444
176447
176450
176451
176454
176457
176458
176461
176462
176463
176464
176470
176471
176472
176478
176479
176483
176484
176488
176489
176493
176494
176498
176499
176503
176504
176508
176509
176510
176516
176517
176520
176521
176525
176527
176528
176532
176534
176535
176539
176543
176544
176548
176549
176553
176554
176558
176559
176563
176564
176568
176569
176573
176574
176578
176579
176583
176584
176587
176590
176591
176594
176597
176598
176601
176604
176605
176608
176609
176610
176611
176612
176621
176622
176623
176629
176630
176631
176637
176638
176642
176643
176644
176650
176651
176655
176656
176659
176661
176662
176663
176669
176670
176671
176677
176678
176682
176683
176687
176688
176692
176693
176697
176699
176705
176706
176707
176708
176716
176717
176718
176724
176725
176726
176731
176732
176737
176738
176739
176744
176745
176749
176750
176752
176756
176757
176758
176764
176765
176766
176771
176772
176776
176777
176781
176782
176786
176787
176790
176792
176793
176794
176795
176801
176802
176806
176807
176808
176814
176815
176819
176820
176821
176827
176828
176832
176833
176834
176840
176841
176848
176849
176850
176855
176856
176861
176862
176863
176868
176869
176874
176875
176876
176881
176882
176887
176888
176889
176894
176895
176897
176898
176902
176904
176905
176909
176911
176912
176916
176918
176919
176923
176927
176928
176931
176934
176935
176938
176941
176942
176945
176948
176949
176952
176953
176954
176955
176956
176964
176965
176966
176972
176973
176974
176980
176981
176985
176986
176987
176993
176994
176997
176998
177002
177004
177005
177006
177012
177013
177017
177018
177021
177023
177024
177028
177030
177036
177037
177038
177039
177046
177047
177048
177054
177055
177056
177061
177062
177067
177068
177069
177074
177075
177078
177079
177082
177086
177087
177088
177093
177094
177098
177099
177101
177104
177105
177108
177110
177111
177112
177113
177114
177123
177124
177125
177131
177132
177135
177137
177138
177139
177145
177146
177149
177155
177156
177157
177158
177166
177167
177168
177173
177174
177176
177180
177181
177182
177187
177188
177190
177191
177192
177193
177194
177203
177204
177205
177211
177212
177215
177217
177218
177219
177225
177226
177229
177235
177236
177237
177238
177246
177247
177248
177253
177254
177256
177260
177261
177262
177267
177268
177270
177273
177274
177278
177279
177283
177284
177288
177289
177293
177294
177298
177299
177303
177304
177308
177309
177311
177312
177316
177317
177321
177322
177326
177327
177331
177332
177336
177337
177341
177342
177346
177347
177353
177354
177358
177359
177363
177364
177368
177369
177373
177374
177378
177379
177383
177384
177388
177389
177390
177391
177395
177396
177400
177401
177405
177406
177410
177411
177415
177416
177420
177421
177425
177426
177432
177433
177434
177438
177442
177443
177444
177448
177452
177453
177454
177458
177461
177462
177463
177464
177465
177471
177473
177474
177475
177481
177483
177484
177485
177491
177493
177494
177500
177501
177502
177506
177510
177511
177512
177516
177520
177521
177522
177526
177529
177530
177531
177532
177533
177539
177541
177542
177543
177549
177551
177552
177553
177559
177561
177562
177568
177569
177570
177574
177578
177579
177580
177584
177588
177589
177590
177594
177597
177598
177599
177600
177601
177607
177609
177610
177611
177617
177619
177620
177621
177627
177629
177630
177636
177637
177638
177642
177646
177647
177648
177652
177656
177657
177658
177662
177665
177666
177667
177668
177672
177674
177675
177679
177681
177682
177686
177688
177690
177691
177695
177696
177700
177701
177705
177706
177710
177711
177715
177717
177718
177722
177726
177727
177731
177732
177736
177737
177741
177742
177746
177747
177750
177753
177754
177757
177758
177759
177760
177766
177767
177768
177774
177775
177779
177780
177784
177785
177786
177792
177793
177796
177797
177801
177805
177806
177810
177811
177815
177816
177820
177821
177825
177826
177829
177832
177833
177836
177839
177840
177844
177845
177849
177850
177854
177855
177859
177860
177863
177866
177867
177870
177871
177872
177876
177877
177881
177883
177885
177886
177890
177892
177894
177895
177899
177900
177904
177906
177908
177909
177913
177915
177919
177920
177924
177925
177928
177930
177933
177934
177937
177939
177943
177944
177945
177949
177953
177954
177955
177959
177963
177964
177965
177969
177972
177973
177974
177975
177976
177982
177984
177985
177986
177992
177994
177995
177996
178002
178004
178005
178010
178011
178014
178017
178018
178021
178024
178025
178028
178030
178031
178032
178036
178038
178039
178043
178045
178046
178050
178052
185068
185069
185070
185071
185076
185077
185078
185081
185082
185083
185086
185087
185089
185090
185091
185094
185095
185096
185099
185100
185102
185103
185105
185106
185107
185110
185111
185113
185114
185115
185118
185119
185121
185122
185124
185125
185127
185128
185130
185131
185133
185134
185135
185138
185139
185140
185143
185144
185146
185147
185149
185150
185151
185154
185155
185156
185159
185160
185162
185163
185165
185166
185168
185169
185171
185172
185174
185175
185177
185178
185180
185181
185183
185184
185186
185187
185189
185190
185191
185192
185197
185198
185199
185202
185203
185204
185207
185208
185210
185211
185212
185215
185216
185217
185218
185220
185221
185222
185223
185226
185227
185229
185230
185231
185234
185235
185237
185238
185240
185241
185242
185244
185245
185246
185247
185248
185253
185254
185255
185258
185259
185260
185263
185264
185266
185267
185268
185271
185272
185273
185274
185276
185277
185278
185279
185282
185283
185285
185286
185287
185290
185291
185293
185294
185296
185297
185298
185300
185301
185302
185303
185304
185309
185310
185311
185314
185315
185316
185319
185320
185322
185323
185324
185327
185328
185329
185332
185333
185335
185336
185338
185339
185340
185343
185344
185346
185347
185348
185349
185350
185352
185353
185355
185356
185357
185358
185359
185360
185365
185366
185367
185370
185371
185372
185375
185376
185378
185379
185380
185383
185384
185385
185388
185389
185391
185392
185394
185395
185396
185399
185400
185402
185403
185404
185405
185406
185408
185409
185411
185412
185413
185414
185415
185418
185419
185421
185422
185423
185426
185427
185429
185430
185431
185434
185435
185437
185438
185439
185440
185441
185443
185444
185446
185447
185449
185450
185452
185453
185455
185456
185458
185459
185460
185461
185462
185465
185466
185468
185469
185470
185473
185474
185476
185477
185478
185481
185482
185484
185485
185486
185487
185488
185490
185491
185493
185494
185496
185497
185499
185500
185502
185503
185505
185506
185507
185508
185509
185512
185513
185514
185515
185518
185519
185520
185521
185524
185525
185526
185527
185528
185529
185532
185533
185534
185535
185538
185539
185540
185541
185544
185545
185546
185547
185548
185549
185552
185553
185554
185555
185558
185559
185560
185561
185564
185565
185566
185567
185568
185569
185572
185573
185574
185575
185578
185579
185580
185581
185584
185585
185586
185587
185588
185589
185592
185593
185594
185597
185598
185599
185600
185601
185604
185605
185606
185607
185608
185609
185612
185613
185614
185617
185618
185619
185620
185621
185624
185625
185626
185627
185628
185629
185632
185633
185634
185637
185638
185639
185640
185641
185644
185645
185646
185647
185648
185649
185652
185653
185654
185657
185658
185659
185660
185661
185664
185665
185666
185667
185668
185669
185672
185673
185674
185677
185678
185679
185680
185681
185684
185685
185686
185689
185690
185691
185692
185693
185696
185697
185698
185701
185702
185703
185704
185705
185708
185709
185710
185713
185714
185715
185716
185717
185720
185721
185722
185725
185726
185727
185728
185729
185732
185733
185734
185737
185738
185739
185740
185741
185744
185745
185746
185749
185750
185751
185752
185753
185756
185757
185758
185761
185762
185763
185764
185765
185768
185769
185770
185773
185774
185775
185776
185777
185780
185781
185782
185785
185786
185787
185788
185789
185792
185793
185794
185797
185798
185799
185800
185801
185804
185805
185806
185809
185810
185811
185812
185813
185816
185817
185818
185821
185822
185823
185824
185825
185828
185829
185830
185833
185834
185835
185836
185838
185839
185841
185842
185843
185844
185846
185847
185849
185850
185851
185852
185854
185855
185857
185858
185860
185861
185863
185864
185866
185867
185868
185870
185871
185872
185874
185875
185877
185878
185880
185881
185883
185884
185886
185887
185888
185890
185891
185892
185894
185895
185897
185898
185900
185901
185903
185904
185906
185907
185908
185910
185911
185912
185914
185915
185917
185918
185920
185921
185923
185924
185926
185927
185928
185930
185931
185932
185934
185935
185937
185938
185940
185941
185943
185944
185946
185947
185948
185950
185951
185952
185954
185955
185957
185958
185960
185961
185963
185964
185966
185967
185968
185970
185971
185972
185974
185975
185977
185978
185980
185981
185983
185984
185986
185987
185988
185990
185991
185992
185994
185995
185997
185998
185999
186000
186002
186003
186004
186005
186006
186009
186010
186011
186012
186015
186016
186017
186018
186021
186022
186023
186024
186025
186026
186029
186030
186031
186032
186035
186036
186037
186038
186041
186042
186043
186044
186045
186046
186049
186050
186051
186052
186055
186056
186057
186058
186061
186062
186063
186064
186065
186066
186069
186070
186071
186072
186075
186076
186077
186078
186081
186082
186083
186084
186085
186087
186088
186090
186091
186093
186094
186096
186097
186099
186100
186101
186103
186104
186105
186107
186108
186110
186111
186113
186114
186116
186117
186119
186120
186121
186123
186124
186125
186127
186128
186130
186131
186133
186134
186136
186137
186139
186140
186141
186143
186144
186145
186147
186148
186150
186151
186153
186154
186156
186157
186159
186160
186161
186163
186164
186165
186166
186169
186170
186171
186174
186175
186176
186177
186178
186181
186182
186183
186184
186185
186186
186189
186190
186191
186194
186195
186196
186197
186198
186201
186202
186203
186204
186205
186206
186209
186210
186211
186214
186215
186216
186217
186218
186221
186222
186223
186224
186225
186227
186228
186230
186231
186232
186233
186235
186236
