34658
34660
34662
34684
34686
34994
34996
34998
35020
35378
35380
35382
35404
35762
35764
35766
35788
36146
36148
36150
36172
36530
36532
36534
36556
36867
36869
36891
36893
37251
37253
37275
37277
37635
37637
37659
37661
38019
38021
38043
38045
38403
38405
38427
38429
38787
38789
38811
38813
39171
39173
39195
39197
39555
39557
39579
39581
39939
39941
39963
39965
40323
40325
40347
40349
40756
40758
40780
40782
41140
41142
41164
41166
41524
41526
41548
41550
41908
41910
41932
42847
42849
42851
42859
42861
42863
42871
42873
42875
42883
42885
42887
42895
42897
42899
42909
42911
42921
42923
42933
42935
42945
42947
42957
42959
43204
43206
43210
43212
43222
43224
43234
43236
43246
43248
43264
43266
43270
43272
43282
43284
43294
43296
43306
43308
43443
43445
43449
43451
43461
43463
43473
43475
43485
43487
43503
43505
43509
43511
43521
43523
43533
43535
43545
43547
44048
44050
44052
44060
44062
44064
44072
44074
44076
44084
44086
44088
44096
44098
44100
44110
44122
44134
44146
44158
44527
44529
44531
44539
44541
44543
44551
44553
44555
44563
44565
44567
44575
44577
44579
44589
44601
44613
44625
44637
45127
45129
45131
45139
45141
45143
45151
45153
45155
45163
45165
45167
45175
45177
45179
45189
45201
45213
45225
45237
45970
45972
45982
45984
45994
45996
46006
46008
46018
46020
46030
46032
46042
46044
46054
46056
46066
46068
46078
46080
46690
46692
46702
46704
46714
46716
46726
46728
46738
46740
46750
46752
46762
46764
46774
46776
46786
46788
46798
46800
47169
47171
47181
47183
47193
47195
47205
47207
47217
47219
47229
47231
47241
47243
47253
47255
47265
47267
47277
47279
47282
47284
47286
47288
47290
47292
47300
47302
47304
47312
47314
47316
47324
47326
47328
47344
47350
47362
47374
47386
48001
48003
48005
48007
48009
48011
48019
48021
48023
48031
48033
48035
48043
48045
48047
48063
48069
48081
48093
48105
48850
48852
48862
48864
48874
48876
48886
48888
48898
48900
48910
48912
48922
48924
48934
48936
48946
48948
48958
48960
51362
51364
51366
51368
51370
51372
51380
51382
51384
51392
51394
51396
51404
51406
51408
51424
51426
51430
51432
51442
51444
51454
51456
51466
51468
51483
51485
51489
51491
51501
51503
51513
51515
51525
51527
51543
51545
51549
51551
51561
51563
51573
51575
51585
51587
51603
51605
51609
51611
51621
51623
51633
51635
51645
51647
51663
51665
51669
51671
51681
51683
51693
51695
51705
51707
51724
51726
51730
51732
51742
51744
51754
51756
51766
51768
51784
51786
51790
51792
51802
51804
51814
51816
51826
51828
51841
51843
51845
51847
51849
51851
51859
51861
51863
51871
51873
51875
51883
51885
51887
51903
51909
51921
51933
51945
51962
51964
51966
51968
51970
51972
51980
51982
51984
51992
51994
51996
52004
52006
52008
52024
52030
52042
52054
52066
59526
59528
59530
59532
59540
59544
59552
59556
59564
59568
59586
59588
59600
59612
59624
59645
59647
59649
59651
59659
59663
59671
59675
59683
59687
59705
59707
59719
59731
59743
62882
62884
62886
62896
62898
62907
62909
62919
62921
62936
62938
62940
62950
62952
62961
62963
62973
62975
62979
62981
62991
62993
63004
63006
63016
63018
63033
63035
63045
63047
63058
63060
63070
63072
63080
63082
63084
63094
63096
63103
63105
63107
63117
63119
63121
63123
63125
63135
63137
63146
63148
63150
63160
63162
63169
63171
63173
63183
63194
63196
63198
63208
63225
63227
63237
63250
63252
63262
63268
63270
63280
63291
63293
63303
64422
64426
64434
64445
64449
64457
74641
74643
74645
74647
74649
74651
74653
74655
74657
74665
74667
74669
74671
74673
74675
74678
74680
74682
74684
74686
74688
74690
74692
74694
74702
74704
74706
74708
74710
74712
74713
74715
74719
74721
74725
74727
74737
74739
74743
74745
74750
74752
74756
74758
74762
74764
74774
74776
74780
74782
74785
74787
74791
74793
74797
74799
74809
74811
74815
74817
74822
74824
74828
74830
74834
74836
74846
74848
74852
74854
74857
74859
74863
74865
74869
74871
74881
74883
74887
74889
74896
74902
74908
74920
74926
74931
74933
74935
74937
74939
74941
74943
74945
74949
74955
74961
74971
74973
74975
74977
74979
74981
74991
74997
75004
75006
75008
75010
75012
75014
75016
75018
75022
75028
75034
75044
75046
75048
75050
75052
75054
75064
75070
75081
75083
75087
75089
75099
75101
75105
75107
75117
75123
75135
75141
75154
75156
75160
75162
75172
75178
75190
75192
75196
75198
75208
75214
75223
75225
75227
75229
75231
75233
75243
75249
75260
75262
75264
75266
75268
75270
75280
75286
75295
75297
75299
75301
75303
75305
75315
75321
75332
75334
75336
75338
75340
75342
75352
75358
75362
75364
75368
75370
75374
75376
75386
75388
75397
75399
75403
75405
75409
75411
75421
75423
75434
75436
75440
75442
75446
75448
75458
75460
75469
75471
75475
75477
75481
75483
75493
75495
75506
75508
75512
75514
75518
75520
75530
75532
75541
75543
75547
75549
75553
75555
75565
75567
75578
75580
75584
75586
75590
75592
75602
75604
75615
75621
75627
75639
75657
75659
75663
75665
75675
75681
75694
75696
75700
75702
75712
75718
75729
75731
75735
75737
75747
75753
75766
75768
75772
75774
75784
75790
75799
75801
75803
75805
75807
75809
75817
75819
75821
75836
75838
75842
75844
75854
75856
75873
75879
75891
75908
75910
75914
75916
75926
75928
75943
75945
75949
75951
75961
75963
75980
75982
75986
75988
75998
76000
76015
76017
76021
76023
76033
76035
76054
76060
76072
76083
76085
76089
76091
76101
76107
76120
76122
76126
76128
76138
76144
76155
76157
76161
76163
76173
76179
76192
76194
76198
76200
76210
76216
76231
76233
76237
76239
76249
76251
76268
76270
76274
76276
76286
76288
76303
76305
76309
76311
76321
76323
76340
76342
76346
76348
76358
76360
76375
76377
76381
76383
76393
76395
76412
76414
76418
76420
76430
76432
76447
76449
76453
76455
76465
76467
76486
76492
76504
154383
154386
154388
154390
154413
154417
154420
154423
154433
154437
154440
154443
154486
154489
154491
154493
154531
154534
154536
154538
154575
154579
154582
154584
154637
154639
154641
154643
154691
154693
154695
154697
154733
154736
154738
154740
154743
154747
154750
154753
154803
154807
154810
154813
154872
154875
154877
154879
155063
155066
155068
155070
155071
155073
155075
155077
155079
155081
155083
155085
155088
155090
155092
155094
155095
155099
155102
155105
155110
155114
155117
155120
155578
155580
155582
155584
155587
155589
155591
155592
164008
164009
164010
164013
164014
164016
164017
164018
164021
164022
164024
164025
164026
164029
164030
164032
164033
164034
164037
164038
164040
164041
164042
164045
164046
164048
164049
164051
164052
164054
164055
164057
164058
164060
164061
164063
164064
164066
164067
164069
164070
164072
164073
164075
164076
164242
164243
164244
164252
164253
164254
164260
164261
164266
164267
164272
164273
164278
164279
164284
164285
164290
164291
164295
164297
164301
164302
164303
164309
164310
164311
164316
164317
164321
164322
164326
164327
164331
164332
164336
164337
164341
164342
164345
164347
164418
164419
164420
164429
164430
164431
164437
164438
164444
164445
164449
164450
164456
164457
164461
164462
164468
164469
164473
164476
164478
164479
164480
164486
164487
164488
164494
164495
164499
164500
164504
164505
164509
164510
164514
164515
164519
164520
164524
164526
164848
164849
164850
164853
164854
164856
164857
164858
164861
164862
164864
164865
164866
164869
164870
164872
164873
164874
164877
164878
164880
164881
164882
164885
164886
164888
164889
164891
164893
164894
164896
164898
164899
164901
164903
164904
164906
164908
164909
164911
165208
165209
165210
165213
165214
165216
165217
165218
165221
165222
165224
165225
165226
165229
165230
165232
165233
165234
165237
165238
165240
165241
165242
165245
165246
165248
165249
165251
165253
165254
165256
165258
165259
165261
165263
165264
165266
165268
165269
165271
165528
165529
165530
165536
165537
165541
165542
165543
165549
165550
165554
165555
165556
165562
165563
165567
165568
165569
165575
165576
165580
165581
165582
165588
165589
165593
165594
165598
165600
165601
165605
165607
165608
165612
165614
165615
165619
165621
165622
165626
166028
166029
166031
166032
166034
166035
166037
166038
166040
166041
166043
166044
166046
166047
166049
166050
166052
166053
166055
166056
166058
166059
166061
166062
166064
166065
166067
166068
166070
166071
166073
166074
166076
166077
166079
166080
166082
166083
166085
166086
166448
166449
166451
166452
166454
166455
166457
166458
166460
166461
166463
166464
166466
166467
166469
166470
166472
166473
166475
166476
166478
166479
166481
166482
166484
166485
166487
166488
166490
166491
166493
166494
166496
166497
166499
166500
166502
166503
166505
166506
166783
166784
166787
166788
166790
166791
166794
166795
166797
166798
166801
166802
166804
166805
166808
166809
166811
166812
166815
166816
166818
166819
166821
166822
166824
166825
166827
166828
166830
166831
166833
166834
166836
166837
166839
166840
166842
166843
166845
166846
166852
166853
166854
166855
166863
166864
166865
166871
166872
166873
166878
166879
166884
166885
166886
166891
166892
166897
166898
166899
166904
166905
166909
166910
166912
166916
166917
166918
166924
166925
166930
166931
166935
166939
166940
166944
166948
166949
166953
166956
167343
167344
167345
167346
167355
167356
167357
167363
167364
167365
167371
167372
167376
167377
167378
167384
167385
167389
167390
167391
167397
167398
167402
167403
167406
167408
167409
167410
167416
167417
167423
167424
167428
167432
167433
167437
167441
167442
167446
167450
167893
167894
167897
167898
167900
167901
167904
167905
167907
167908
167911
167912
167914
167915
167918
167919
167921
167922
167925
167926
167928
167929
167931
167932
167934
167935
167937
167938
167940
167941
167943
167944
167946
167947
167949
167950
167952
167953
167955
167956
169373
169374
169375
169376
169381
169382
169383
169386
169387
169388
169391
169392
169394
169395
169396
169399
169400
169402
169403
169404
169407
169408
169410
169411
169412
169413
169414
169415
169418
169419
169420
169423
169424
169426
169427
169429
169430
169432
169433
169435
169436
169438
169439
169441
169442
169443
169444
169445
169448
169449
169450
169453
169454
169456
169457
169459
169460
169462
169463
169465
169466
169468
169469
169471
169472
169473
169474
169475
169478
169479
169480
169483
169484
169486
169487
169489
169490
169492
169493
169495
169496
169498
169499
169501
169502
169503
169504
169505
169508
169509
169510
169513
169514
169516
169517
169519
169520
169522
169523
169525
169526
169528
169529
169531
169532
169533
169534
169535
169538
169539
169540
169543
169544
169546
169547
169549
169550
169552
169553
169555
169556
169558
169559
169561
169562
169563
169564
169565
169568
169569
169570
169573
169574
169576
169577
169579
169580
169582
169583
169585
169586
169588
169589
169591
169592
169593
169594
169595
169598
169599
169600
169603
169604
169606
169607
169609
169610
169612
169613
169615
169616
169618
169619
169621
169622
169623
169624
169625
169626
169635
169636
169637
169643
169644
169645
169651
169652
169656
169657
169658
169664
169665
169669
169670
169671
169677
169678
169682
169683
169686
169688
169689
169690
169696
169697
169703
169704
169708
169712
169713
169717
169721
169722
169726
169730
169737
169738
169739
169740
169748
169749
169750
169756
169757
169758
169763
169764
169769
169770
169771
169776
169777
169782
169783
169784
169789
169790
169794
169795
169797
169801
169802
169803
169809
169810
169815
169816
169820
169824
169825
169829
169833
169834
169838
169841
173173
173174
173175
173180
173181
173182
173185
173186
173189
173190
173192
173193
173196
173197
173199
173200
173203
173204
173206
173207
173208
173209
173210
173213
173214
173215
173216
173218
173219
173220
173222
173223
173224
173226
173227
173228
173229
173230
173235
173236
173237
173240
173241
173244
173245
173247
173248
173251
173252
173254
173255
173258
173259
173261
173262
173263
173264
173265
173268
173269
173270
173271
173273
173274
173275
173277
173278
173279
173281
173282
174919
174920
174921
174924
174925
174927
174928
174930
174931
174933
174934
174936
174937
174939
174940
174942
174943
174945
174946
174947
174950
174951
174953
174954
174956
174957
174959
174960
174962
174963
174965
174966
174968
174969
174971
174972
174974
174975
174977
174978
174980
174981
174983
174984
174986
174987
174989
174990
174992
174993
174995
174996
174998
174999
175001
175002
175004
175005
175007
175008
175010
175011
175013
175014
175016
175017
175019
175020
175021
175024
175025
175027
175028
175030
175031
175033
175034
175035
175038
175039
175041
175042
175044
175045
175047
175048
175049
175052
175053
175055
175056
175058
175059
175061
175062
175063
175066
175067
175069
175070
175072
175073
175075
175076
175077
175083
175084
175088
175089
175093
175100
175101
175102
175107
175108
175112
175113
175117
175119
175120
175126
175127
175131
175132
175136
175143
175144
175149
175150
175154
175155
175159
175164
175165
175170
175171
175175
175176
175180
175182
175183
175189
175190
175194
175195
175199
175741
175742
175745
175746
175748
175749
175751
175752
175753
175756
175757
175759
175760
175762
182730
182731
182732
182733
182738
182739
182740
182743
182744
182745
182748
182749
182751
182752
182753
182756
182757
182759
182760
182761
182764
182765
182767
182768
182769
182770
182775
182776
182777
182780
182781
182782
182785
182786
182788
182789
182790
182793
182794
182796
182797
182798
182801
182802
182804
182805
182806
182807
182812
182813
182814
182815
182816
182819
182820
182821
182822
182825
182826
182827
182828
182831
182832
182833
182834
182835
182840
182841
182842
182843
182844
182847
182848
182849
182850
182853
182854
182855
182856
182859
182860
182861
182862
182863
182868
182869
182870
182871
182872
182875
182876
182877
182878
182881
182882
182883
182884
182887
182888
182889
182890
182891
182896
182897
182898
182899
182900
182903
182904
182905
182906
182909
182910
182911
182912
182915
182916
182917
182918
182919
182924
182925
182926
182927
182928
182931
182932
182933
182934
182937
182938
182939
182940
182943
182944
182945
182946
182949
182950
182951
182952
182954
182955
182956
182958
182959
182960
182962
182963
182964
182965
182966
182970
182971
182972
182975
182976
182977
182980
182981
182983
182984
182985
182988
182989
182990
182991
182993
182994
182995
182996
182999
183000
183002
183003
183004
183007
183008
183010
183011
183013
183014
183015
183017
183018
183019
183020
183021
183025
183026
183027
183030
183031
183032
183035
183036
183038
183039
183040
183043
183044
183045
183046
183048
183049
183050
183051
183054
183055
183057
183058
183059
183062
183063
183065
183066
183068
183069
183070
183072
183073
183074
183076
183077
183079
183080
183082
183083
183085
183086
183088
183089
183091
183092
183094
183095
183097
183098
183100
183101
183102
183104
183105
183106
183108
183109
183110
183112
183113
183114
183116
183117
183119
183120
183122
183123
183125
183126
183128
183129
183130
183132
183133
183134
183136
183137
183139
183140
183142
183143
183145
183146
183148
183149
183150
183152
183153
183154
183155
183158
183159
183161
183162
183163
183166
183167
183169
183170
183172
183173
183174
183176
183177
183178
183179
183182
183183
183185
183186
183187
183190
183191
183193
183194
183196
183197
183198
183200
183201
183202
183203
183206
183207
183209
183210
183211
183214
183215
183217
183218
183220
183221
183222
183224
183225
183226
183227
183230
183231
183233
183234
183235
183238
183239
183241
183242
183244
183245
183246
183248
183249
183250
183251
183252
183257
183258
183259
183260
183261
183264
183265
183266
183267
183270
183271
183272
183273
183274
183275
183276
183281
183282
183283
183284
183285
183288
183289
183290
183291
183294
183295
183296
183297
183298
183299
183300
183305
183306
183307
183308
183309
183312
183313
183314
183315
183318
183319
183320
183321
183322
183323
183324
183329
183330
183331
183332
183333
183336
183337
183338
183339
183342
183343
183344
183345
183346
183347
183348
183353
183354
183355
183356
183357
183360
183361
183362
183363
183366
183367
183368
183369
183370
183371
183372
183377
183378
183379
183380
183381
183384
183385
183386
183387
183390
183391
183392
183393
183394
183395
183396
183401
183402
183403
183404
183405
183408
183409
183410
183411
183414
183415
183416
183417
183418
183419
183422
183423
183424
183425
183427
183428
183429
183431
183432
183433
183434
183436
183437
183439
183440
183442
183443
183445
183446
183448
183449
183450
183452
183453
183454
183456
183457
183459
183460
183462
183463
183465
183466
183468
183469
183470
183472
183473
183474
183476
183477
183479
183480
183482
183483
183485
183486
183488
183489
183490
183492
183493
183494
183496
183497
183499
183500
183502
183503
183505
183506
183508
183509
183510
183512
183513
183514
183515
183518
183519
183521
183522
183523
183526
183527
183529
183530
183531
183534
183535
183537
183538
183539
183540
183541
183542
183545
183546
183547
183548
183551
183552
183553
183554
183557
183558
183559
183560
183561
183563
183564
183565
183567
183568
183569
183571
183572
183573
183574
183575
183578
183579
183580
183581
183584
183585
183586
183587
183590
183591
183592
183593
183594
183595
183598
183599
183600
183601
183604
183605
183606
183607
183610
183611
183612
183613
183614
183615
183618
183619
183620
183621
183624
183625
183626
183627
183630
183631
183632
183633
183634
183635
183638
183639
183640
183641
183644
183645
183646
183647
183650
183651
183652
183653
183654
183656
183657
183658
183660
183661
183662
183664
183665
183666
183667
183668
183671
183672
183673
183676
183677
183678
183679
183680
183683
183684
183685
183686
183687
183688
183691
183692
183693
183696
183697
183698
183699
183700
183703
183704
183705
183706
183707
183708
183711
183712
183713
183716
183717
183718
183719
183720
183723
183724
183725
183726
183727
183728
183731
183732
183733
183736
183737
183738
183739
183740
183743
183744
183745
183746
183747
183748
183751
183752
183753
183754
183757
183758
183759
183760
183763
183764
183765
183766
183767
183768
183771
183772
183773
183774
183777
183778
183779
183780
183783
183784
183785
183786
183787
183788
183791
183792
183793
183794
183797
183798
183799
183800
183803
183804
183805
183806
183807
183808
183811
183812
183813
183814
183817
183818
183819
183820
183823
183824
183825
183826
183827
183828
183831
183832
183833
183834
183837
183838
183839
183840
183843
183844
183845
183846
183847
183848
183851
183852
183853
183854
183857
183858
183859
183860
183863
183864
183865
183866
183867
183868
183871
183872
183873
183874
183877
183878
183879
183880
183883
183884
183885
183886
183887
183889
183890
183891
183893
183894
183895
183897
183898
