433
435
437
439
441
443
451
453
455
463
465
467
471
473
477
479
489
491
501
503
1009
1011
1013
1015
1017
1019
1027
1029
1031
1039
1041
1043
1047
1053
1065
1077
1585
1587
1589
1591
1593
1595
1603
1605
1607
1615
1617
1619
1623
1629
1641
1653
2161
2163
2165
2167
2169
2171
2179
2181
2183
2191
2193
2195
2199
2205
2217
2229
2737
2739
2741
2743
2745
2747
2755
2757
2759
2767
2769
2771
2775
2781
2793
2805
3313
3315
3317
3319
3321
3323
3331
3333
3335
3343
3345
3347
3351
3357
3369
3381
3964
3966
3970
3972
3982
3984
3994
3996
4000
4002
4006
4008
4018
4020
4030
4032
4540
4542
4546
4548
4558
4560
4570
4572
4576
4578
4582
4584
4594
4596
4606
4608
5116
5118
5122
5124
5134
5136
5146
5148
5152
5154
5158
5160
5170
5172
5182
5184
5692
5694
5698
5700
5710
5712
5722
5724
5728
5730
5734
5736
5746
5748
5758
5760
6268
6270
6274
6276
6286
6288
6298
6300
6304
6306
6310
6312
6322
6324
6334
6336
6844
6846
6850
6852
6862
6864
6874
6876
6880
6882
6886
6888
6898
6900
6910
6912
7347
7349
7353
7355
7365
7367
7377
7379
7383
7385
7389
7391
7401
7403
7413
7415
7923
7925
7929
7931
7941
7943
7953
7955
7959
7961
7965
7967
7977
7979
7989
7991
8499
8501
8505
8507
8517
8519
8529
8531
8535
8537
8541
8543
8553
8555
8565
8567
9075
9077
9081
9083
9093
9095
9105
9107
9111
9113
9117
9119
9129
9131
9141
9143
9724
9726
9730
9732
9742
9744
9754
9756
9760
9762
9766
9768
9778
9780
9790
9792
10300
10302
10306
10308
10318
10320
10330
10332
10336
10338
10342
10344
10354
10356
10366
10368
10876
10878
10882
10884
10894
10896
10906
10908
10912
10914
10918
10920
10930
10932
10942
10944
11452
11454
11458
11460
11470
11472
11482
11484
11488
11494
11506
11518
34562
34564
34566
34568
34570
34572
34588
34590
34594
34596
35282
35284
35286
35288
35290
35292
35308
35314
35666
35668
35670
35672
35674
35676
35692
35698
36050
36052
36054
36056
36058
36060
36076
36082
36434
36436
36438
36440
36442
36444
36460
36466
36818
36820
36822
36824
36826
36828
36844
36850
37155
37157
37161
37163
37179
37181
37185
37187
37539
37541
37545
37547
37563
37565
37569
37571
37923
37925
37929
37931
37947
37949
37953
37955
38307
38309
38313
38315
38331
38333
38337
38339
38691
38693
38697
38699
38715
38717
38721
38723
39075
39077
39081
39083
39099
39101
39105
39107
39459
39461
39465
39467
39483
39485
39489
39491
39843
39845
39849
39851
39867
39869
39873
39875
40227
40229
40233
40235
40251
40253
40257
40259
40611
40613
40617
40619
40635
40637
40641
40643
41044
41046
41050
41052
41068
41070
41074
41076
41428
41430
41434
41436
41452
41454
41458
41460
41812
41814
41818
41820
41836
41838
41842
41844
42196
42198
42202
42204
42220
42226
139547
139551
139554
139558
139561
139565
139568
139571
139574
139577
139580
139583
139757
139761
139764
139768
139771
139775
139778
139781
139783
139786
139788
139791
139961
139965
139968
139972
139975
139979
139982
139985
139987
139990
139992
139995
140165
140169
140172
140176
140179
140183
140186
140189
140191
140194
140196
140199
140369
140373
140376
140380
140383
140387
140390
140393
140395
140398
140400
140403
140573
140577
140580
140584
140587
140591
140594
140597
140599
140602
140604
140607
140802
140804
140806
140808
140810
140812
140814
140816
140818
140820
140822
140824
141006
141008
141010
141012
141014
141016
141018
141020
141022
141024
141026
141028
141210
141212
141214
141216
141218
141220
141222
141224
141226
141228
141230
141232
141414
141416
141418
141420
141422
141424
141426
141428
141430
141432
141434
141436
141618
141620
141622
141624
141626
141628
141630
141632
141634
141636
141638
141640
141822
141824
141826
141828
141830
141832
141834
141836
141838
141840
141842
141844
142001
142004
142007
142010
142013
142016
142019
142022
142025
142028
142031
142034
142205
142208
142211
142214
142217
142220
142223
142226
142229
142232
142235
142238
142409
142412
142415
142418
142421
142424
142427
142430
142433
142436
142439
142442
142613
142616
142619
142622
142625
142628
142631
142634
142637
142640
142643
142646
142842
142844
142846
142848
142850
142852
142854
142856
142858
142860
142862
142864
143046
143048
143050
143052
143054
143056
143058
143060
143062
143064
143066
143068
143250
143252
143254
143256
143258
143260
143262
143264
143266
143268
143270
143272
143433
143435
143437
143439
143441
143443
143445
143446
143448
143449
143451
143452
151615
151619
151622
151626
151629
151632
151635
151638
151886
151889
151891
151894
151896
151897
151899
151900
152022
152025
152027
152030
152032
152033
152035
152036
152158
152161
152163
152166
152168
152169
152171
152172
152294
152297
152299
152302
152304
152305
152307
152308
152430
152433
152435
152438
152440
152441
152443
152444
152549
152552
152555
152558
152561
152564
152567
152570
152685
152688
152691
152694
152697
152700
152703
152706
152821
152824
152827
152830
152833
152836
152839
152842
152957
152960
152963
152966
152969
152972
152975
152978
153093
153096
153099
153102
153105
153108
153111
153114
153229
153232
153235
153238
153241
153244
153247
153250
153365
153368
153371
153374
153377
153380
153383
153386
153501
153504
153507
153510
153513
153516
153519
153522
153637
153640
153643
153646
153649
153652
153655
153658
153773
153776
153779
153782
153785
153788
153791
153794
153926
153928
153930
153932
153934
153936
153938
153940
154062
154064
154066
154068
154070
154072
154074
154076
154198
154200
154202
154204
154206
154208
154210
154212
154320
154322
154324
154326
154328
154329
154331
154332
154333
154337
154340
154343
154393
154396
154399
154402
154495
154499
154502
154505
154565
154568
154570
154572
154647
154651
154654
154657
154701
154704
154707
154710
154781
154785
154788
154791
154827
154830
154833
154836
154883
154887
154890
154893
154894
154897
154900
154903
154906
154909
154912
154915
154920
154923
154926
154929
155179
155182
155185
155187
155245
155249
155252
155255
155279
155282
155285
155287
155345
155348
155351
155354
155413
155417
155420
155422
155423
155427
155430
155433
155437
155440
155443
155445
155446
155449
155452
155455
155798
155799
155802
155804
155805
155808
155810
155811
155814
155816
155818
155820
155822
155824
155826
155912
155913
155916
155918
155919
155922
155924
155925
155928
155930
155932
155934
156020
156021
156024
156026
156027
156030
156032
156033
156036
156038
156040
156042
156128
156129
156132
156134
156135
156138
156140
156141
156144
156146
156148
156150
156236
156237
156240
156242
156243
156246
156248
156249
156252
156254
156256
156258
156344
156345
156348
156350
156351
156354
156356
156357
156360
156362
156364
156366
156464
156465
156466
156467
156468
156469
156470
156471
156472
156473
156474
156475
156572
156573
156574
156575
156576
156577
156578
156579
156580
156581
156582
156583
156680
156681
156682
156683
156684
156685
156686
156687
156688
156689
156690
156691
156788
156789
156790
156791
156792
156793
156794
156795
156796
156797
156798
156799
156896
156897
156898
156899
156900
156901
156902
156903
156904
156905
156906
156907
157004
157005
157006
157007
157008
157009
157010
157011
157012
157013
157014
157015
157100
157102
157104
157106
157108
157110
157112
157114
157116
157118
157120
157122
157208
157210
157212
157214
157216
157218
157220
157222
157224
157226
157228
157230
157316
157318
157320
157322
157324
157326
157328
157330
157332
157334
157336
157338
157424
157426
157428
157430
157432
157434
157436
157438
157440
157442
157444
157446
157544
157545
157546
157547
157548
157549
157550
157551
157552
157553
157554
157555
157652
157653
157654
157655
157656
157657
157658
157659
157660
157661
157662
157663
157760
157761
157762
157763
157764
157765
157766
157767
157768
157769
157770
157771
157844
157845
157846
157847
157848
157849
157850
157851
157852
162175
162176
162178
162181
162182
162184
162186
162188
162190
162192
162327
162328
162329
162330
162331
162332
162333
162334
162399
162400
162401
162402
162403
162404
162405
162406
162471
162472
162473
162474
162475
162476
162477
162478
162543
162544
162545
162546
162547
162548
162549
162550
162615
162616
162617
162618
162619
162620
162621
162622
162679
162681
162683
162685
162687
162689
162691
162693
162751
162753
162755
162757
162759
162761
162763
162765
162823
162825
162827
162829
162831
162833
162835
162837
162895
162897
162899
162901
162903
162905
162907
162909
162967
162969
162971
162973
162975
162977
162979
162981
163039
163041
163043
163045
163047
163049
163051
163053
163111
163113
163115
163117
163119
163121
163123
163125
163183
163185
163187
163189
163191
163193
163195
163197
163255
163257
163259
163261
163263
163265
163267
163269
163327
163329
163331
163333
163335
163337
163339
163341
163407
163408
163409
163410
163411
163412
163413
163414
163479
163480
163481
163482
163483
163484
163485
163486
163551
163552
163553
163554
163555
163556
163557
163558
163607
163608
163609
163610
163611
163612
