433
435
437
439
441
443
451
453
455
463
465
467
471
473
477
479
489
491
501
503
1009
1011
1013
1015
1017
1019
1027
1029
1031
1039
1041
1043
1047
1053
1065
1077
1585
1587
1589
1591
1593
1595
1603
1605
1607
1615
1617
1619
1623
1629
1641
1653
2161
2163
2165
2167
2169
2171
2179
2181
2183
2191
2193
2195
2199
2205
2217
2229
2737
2739
2741
2743
2745
2747
2755
2757
2759
2767
2769
2771
2775
2781
2793
2805
3313
3315
3317
3319
3321
3323
3331
3333
3335
3343
3345
3347
3351
3357
3369
3381
3964
3966
3970
3972
3982
3984
3994
3996
4000
4002
4006
4008
4018
4020
4030
4032
4540
4542
4546
4548
4558
4560
4570
4572
4576
4578
4582
4584
4594
4596
4606
4608
5116
5118
5122
5124
5134
5136
5146
5148
5152
5154
5158
5160
5170
5172
5182
5184
5692
5694
5698
5700
5710
5712
5722
5724
5728
5730
5734
5736
5746
5748
5758
5760
6268
6270
6274
6276
6286
6288
6298
6300
6304
6306
6310
6312
6322
6324
6334
6336
6844
6846
6850
6852
6862
6864
6874
6876
6880
6882
6886
6888
6898
6900
6910
6912
7347
7349
7353
7355
7365
7367
7377
7379
7383
7385
7389
7391
7401
7403
7413
7415
7923
7925
7929
7931
7941
7943
7953
7955
7959
7961
7965
7967
7977
7979
7989
7991
8499
8501
8505
8507
8517
8519
8529
8531
8535
8537
8541
8543
8553
8555
8565
8567
9075
9077
9081
9083
9093
9095
9105
9107
9111
9113
9117
9119
9129
9131
9141
9143
9724
9726
9730
9732
9742
9744
9754
9756
9760
9762
9766
9768
9778
9780
9790
9792
10300
10302
10306
10308
10318
10320
10330
10332
10336
10338
10342
10344
10354
10356
10366
10368
10876
10878
10882
10884
10894
10896
10906
10908
10912
10914
10918
10920
10930
10932
10942
10944
11452
11454
11458
11460
11470
11472
11482
11484
11488
11494
11506
11518
34562
34564
34566
34568
34570
34572
34588
34590
34594
34596
35282
35284
35286
35288
35290
35292
35308
35314
35666
35668
35670
35672
35674
35676
35692
35698
36050
36052
36054
36056
36058
36060
36076
36082
36434
36436
36438
36440
36442
36444
36460
36466
36818
36820
36822
36824
36826
36828
36844
36850
37155
37157
37161
37163
37179
37181
37185
37187
37539
37541
37545
37547
37563
37565
37569
37571
37923
37925
37929
37931
37947
37949
37953
37955
38307
38309
38313
38315
38331
38333
38337
38339
38691
38693
38697
38699
38715
38717
38721
38723
39075
39077
39081
39083
39099
39101
39105
39107
39459
39461
39465
39467
39483
39485
39489
39491
39843
39845
39849
39851
39867
39869
39873
39875
40227
40229
40233
40235
40251
40253
40257
40259
40611
40613
40617
40619
40635
40637
40641
40643
41044
41046
41050
41052
41068
41070
41074
41076
41428
41430
41434
41436
41452
41454
41458
41460
41812
41814
41818
41820
41836
41838
41842
41844
42196
42198
42202
42204
42220
42226
42241
42243
42245
42247
42249
42251
42259
42261
42263
42271
42273
42275
42283
42285
42287
42303
42305
42309
42311
42321
42323
42333
42335
42345
42347
42969
42971
42981
42983
42993
42995
43005
43007
43017
43019
43029
43031
43041
43043
43053
43055
43065
43067
43077
43079
44161
44163
44165
44167
44169
44171
44179
44181
44183
44191
44193
44195
44203
44205
44207
44223
44225
44229
44231
44241
44243
44253
44255
44265
44267
45001
45003
45005
45007
45009
45011
45019
45021
45023
45031
45033
45035
45043
45045
45047
45063
45069
45081
45093
45105
46082
46084
46086
46088
46090
46092
46100
46102
46104
46112
46114
46116
46124
46126
46128
46144
46146
46150
46152
46162
46164
46174
46176
46186
46188
46804
46806
46810
46812
46822
46824
46834
46836
46846
46848
46864
46866
46870
46872
46882
46884
46894
46896
46906
46908
47768
47770
47772
47780
47782
47784
47792
47794
47796
47804
47806
47808
47816
47818
47820
47830
47832
47842
47844
47854
47856
47866
47868
47878
47880
48244
48246
48250
48252
48262
48264
48274
48276
48286
48288
48304
48306
48310
48312
48322
48324
48334
48336
48346
48348
48967
48969
48971
48979
48981
48983
48991
48993
48995
49003
49005
49007
49015
49017
49019
49029
49031
49041
49043
49053
49055
49065
49067
49077
49079
49090
49092
49102
49104
49114
49116
49126
49128
49138
49140
49150
49152
49162
49164
49174
49176
49186
49188
49198
49200
49210
49212
49222
49224
49234
49236
49246
49248
49258
49260
49270
49272
49282
49284
49294
49296
49306
49308
49318
49320
49329
49331
49341
49343
49353
49355
49365
49367
49377
49379
49389
49391
49401
49403
49413
49415
49425
49427
49437
49439
53045
53047
53049
53051
53059
53063
53071
53075
53083
53087
53105
53107
53119
53131
53143
54243
54247
54251
54255
54259
54263
54267
54271
54275
54279
54283
54287
54291
54295
54299
54307
54319
54331
54343
54355
54728
54732
54740
54744
54752
54756
54764
54768
54776
54780
54788
54800
54812
54824
54836
55926
55928
55930
55932
55940
55944
55952
55956
55964
55968
55986
55988
56000
56012
56024
57124
57128
57132
57136
57140
57144
57148
57152
57156
57160
57164
57168
57172
57176
57180
57188
57200
57212
57224
57236
57243
57247
57251
57255
57259
57263
57267
57271
57275
57279
57283
57287
57291
57295
57299
57307
57319
57331
57343
57355
57365
57367
57369
57371
57379
57383
57391
57395
57403
57407
57425
57427
57439
57451
57463
57486
57488
57490
57492
57500
57504
57512
57516
57524
57528
57546
57548
57560
57572
57584
61447
61449
61451
61461
61463
61474
61476
61486
61488
61498
61500
61510
61512
61521
61523
61533
61535
61538
61540
61542
61552
61554
61561
61563
61565
61575
61577
61588
61590
61600
61602
61611
61613
61623
61625
61633
61635
61637
61647
61649
61658
61660
61662
61672
61674
61689
61691
61701
61703
61714
61716
61726
61728
63459
63463
63467
63475
63488
63492
63500
63508
63512
63516
63524
63531
63535
63539
63547
63557
63561
63569
63582
63586
63594
63606
63610
63618
63629
63633
63641
65281
65283
65285
65287
65289
65291
65293
65295
65297
65305
65307
65309
65311
65313
65315
65319
65321
65325
65327
65331
65333
65343
65345
65349
65351
65360
65362
65364
65366
65368
65370
65378
65380
65382
65384
65386
65388
65398
65400
65404
65406
65416
65418
65422
65424
65425
65427
65429
65431
65433
65435
65437
65439
65441
65449
65451
65453
65455
65457
65459
65463
65469
65475
65487
65493
65504
65506
65508
65510
65512
65514
65522
65524
65526
65528
65530
65532
65542
65548
65560
65566
65571
65573
65577
65579
65583
65585
65595
65597
65601
65603
65607
65613
65619
65631
65637
65650
65652
65656
65658
65668
65670
65674
65676
65686
65692
65704
65710
65713
65715
65717
65719
65721
65723
65725
65727
65729
65737
65739
65741
65751
65753
65757
65759
65763
65765
65775
65777
65786
65788
65790
65792
65794
65796
65798
65800
65802
65810
65812
65814
65824
65826
65830
65832
65836
65838
65848
65850
65863
65865
65867
65869
65871
65873
65881
65883
65885
65887
65889
65891
65900
65902
65904
65906
65908
65910
65918
65920
65922
65924
65926
65928
65937
65943
65955
65961
65974
65980
65992
65998
66003
66005
66007
66009
66011
66013
66015
66017
66021
66027
66033
66043
66045
66047
66063
66076
66078
66080
66082
66084
66086
66088
66090
66094
66100
66106
66116
66118
66120
66136
66145
66147
66149
66151
66153
66155
66165
66171
66182
66184
66186
66188
66190
66192
66202
66208
66217
66219
66221
66223
66225
66227
66237
66243
66254
66256
66258
66260
66262
66264
66274
66280
66298
66300
66304
66306
66316
66318
66322
66324
66333
66335
66339
66341
66351
66353
66357
66359
66370
66372
66376
66378
66388
66390
66394
66405
66407
66411
66413
66423
66425
66429
66440
66442
66446
66448
66458
66460
66475
66477
66481
66483
66493
66495
66512
66514
66518
66520
66530
66532
66547
66549
66553
66555
66565
66567
66584
66586
66590
66592
66602
66604
66619
66621
66625
66627
66637
66639
66656
66658
66662
66664
66674
66676
66693
66699
66711
66729
66731
66735
66737
66747
66753
66766
66768
66772
66774
66784
66790
66795
66797
66801
66803
66807
66809
66813
66819
66825
66838
66840
66844
66846
66856
66862
66874
66876
66880
66882
66892
66898
66909
66911
66927
66945
66947
66963
66982
66984
67000
67016
67018
67022
67024
67034
67036
67051
67053
67057
67059
67069
67071
67090
67096
67108
67125
67131
67143
139547
139551
139554
139558
139561
139565
139568
139571
139574
139577
139580
139583
139757
139761
139764
139768
139771
139775
139778
139781
139783
139786
139788
139791
139961
139965
139968
139972
139975
139979
139982
139985
139987
139990
139992
139995
140165
140169
140172
140176
140179
140183
140186
140189
140191
140194
140196
140199
140369
140373
140376
140380
140383
140387
140390
140393
140395
140398
140400
140403
140573
140577
140580
140584
140587
140591
140594
140597
140599
140602
140604
140607
140802
140804
140806
140808
140810
140812
140814
140816
140818
140820
140822
140824
141006
141008
141010
141012
141014
141016
141018
141020
141022
141024
141026
141028
141210
141212
141214
141216
141218
141220
141222
141224
141226
141228
141230
141232
141414
141416
141418
141420
141422
141424
141426
141428
141430
141432
141434
141436
141618
141620
141622
141624
141626
141628
141630
141632
141634
141636
141638
141640
141822
141824
141826
141828
141830
141832
141834
141836
141838
141840
141842
141844
142001
142004
142007
142010
142013
142016
142019
142022
142025
142028
142031
142034
142205
142208
142211
142214
142217
142220
142223
142226
142229
142232
142235
142238
142409
142412
142415
142418
142421
142424
142427
142430
142433
142436
142439
142442
142613
142616
142619
142622
142625
142628
142631
142634
142637
142640
142643
142646
142842
142844
142846
142848
142850
142852
142854
142856
142858
142860
142862
142864
143046
143048
143050
143052
143054
143056
143058
143060
143062
143064
143066
143068
143250
143252
143254
143256
143258
143260
143262
143264
143266
143268
143270
143272
143433
143435
143437
143439
143441
143443
143445
143446
143448
143449
143451
143452
151615
151619
151622
151626
151629
151632
151635
151638
151886
151889
151891
151894
151896
151897
151899
151900
152022
152025
152027
152030
152032
152033
152035
152036
152158
152161
152163
152166
152168
152169
152171
152172
152294
152297
152299
152302
152304
152305
152307
152308
152430
152433
152435
152438
152440
152441
152443
152444
152549
152552
152555
152558
152561
152564
152567
152570
152685
152688
152691
152694
152697
152700
152703
152706
152821
152824
152827
152830
152833
152836
152839
152842
152957
152960
152963
152966
152969
152972
152975
152978
153093
153096
153099
153102
153105
153108
153111
153114
153229
153232
153235
153238
153241
153244
153247
153250
153365
153368
153371
153374
153377
153380
153383
153386
153501
153504
153507
153510
153513
153516
153519
153522
153637
153640
153643
153646
153649
153652
153655
153658
153773
153776
153779
153782
153785
153788
153791
153794
153926
153928
153930
153932
153934
153936
153938
153940
154062
154064
154066
154068
154070
154072
154074
154076
154198
154200
154202
154204
154206
154208
154210
154212
154320
154322
154324
154326
154328
154329
154331
154332
154333
154337
154340
154343
154393
154396
154399
154402
154495
154499
154502
154505
154565
154568
154570
154572
154647
154651
154654
154657
154701
154704
154707
154710
154781
154785
154788
154791
154827
154830
154833
154836
154883
154887
154890
154893
154894
154897
154900
154903
154906
154909
154912
154915
154920
154923
154926
154929
155179
155182
155185
155187
155245
155249
155252
155255
155279
155282
155285
155287
155345
155348
155351
155354
155413
155417
155420
155422
155423
155427
155430
155433
155437
155440
155443
155445
155446
155449
155452
155455
155798
155799
155802
155804
155805
155808
155810
155811
155814
155816
155818
155820
155822
155824
155826
155912
155913
155916
155918
155919
155922
155924
155925
155928
155930
155932
155934
156020
156021
156024
156026
156027
156030
156032
156033
156036
156038
156040
156042
156128
156129
156132
156134
156135
156138
156140
156141
156144
156146
156148
156150
156236
156237
156240
156242
156243
156246
156248
156249
156252
156254
156256
156258
156344
156345
156348
156350
156351
156354
156356
156357
156360
156362
156364
156366
156464
156465
156466
156467
156468
156469
156470
156471
156472
156473
156474
156475
156572
156573
156574
156575
156576
156577
156578
156579
156580
156581
156582
156583
156680
156681
156682
156683
156684
156685
156686
156687
156688
156689
156690
156691
156788
156789
156790
156791
156792
156793
156794
156795
156796
156797
156798
156799
156896
156897
156898
156899
156900
156901
156902
156903
156904
156905
156906
156907
157004
157005
157006
157007
157008
157009
157010
157011
157012
157013
157014
157015
157100
157102
157104
157106
157108
157110
157112
157114
157116
157118
157120
157122
157208
157210
157212
157214
157216
157218
157220
157222
157224
157226
157228
157230
157316
157318
157320
157322
157324
157326
157328
157330
157332
157334
157336
157338
157424
157426
157428
157430
157432
157434
157436
157438
157440
157442
157444
157446
157544
157545
157546
157547
157548
157549
157550
157551
157552
157553
157554
157555
157652
157653
157654
157655
157656
157657
157658
157659
157660
157661
157662
157663
157760
157761
157762
157763
157764
157765
157766
157767
157768
157769
157770
157771
157844
157845
157846
157847
157848
157849
157850
157851
157852
162175
162176
162178
162181
162182
162184
162186
162188
162190
162192
162327
162328
162329
162330
162331
162332
162333
162334
162399
162400
162401
162402
162403
162404
162405
162406
162471
162472
162473
162474
162475
162476
162477
162478
162543
162544
162545
162546
162547
162548
162549
162550
162615
162616
162617
162618
162619
162620
162621
162622
162679
162681
162683
162685
162687
162689
162691
162693
162751
162753
162755
162757
162759
162761
162763
162765
162823
162825
162827
162829
162831
162833
162835
162837
162895
162897
162899
162901
162903
162905
162907
162909
162967
162969
162971
162973
162975
162977
162979
162981
163039
163041
163043
163045
163047
163049
163051
163053
163111
163113
163115
163117
163119
163121
163123
163125
163183
163185
163187
163189
163191
163193
163195
163197
163255
163257
163259
163261
163263
163265
163267
163269
163327
163329
163331
163333
163335
163337
163339
163341
163407
163408
163409
163410
163411
163412
163413
163414
163479
163480
163481
163482
163483
163484
163485
163486
163551
163552
163553
163554
163555
163556
163557
163558
163607
163608
163609
163610
163611
163612
163613
163614
163615
163616
163625
163626
163627
163633
163634
163635
163641
163642
163646
163647
163648
163654
163655
163659
163660
163661
163667
163668
163672
163673
163676
163678
163679
163680
163686
163687
163688
163694
163695
163699
163700
163704
163705
163709
163710
163714
163715
163719
163720
163724
163726
164078
164079
164083
164084
164088
164089
164093
164094
164098
164099
164103
164104
164108
164109
164113
164114
164118
164119
164123
164124
164128
164129
164133
164134
164138
164139
164143
164144
164148
164149
164153
164154
164158
164159
164163
164164
164168
164169
164173
164174
164913
164914
164915
164916
164925
164926
164927
164933
164934
164935
164941
164942
164946
164947
164948
164954
164955
164959
164960
164961
164967
164968
164972
164973
164976
164978
164979
164980
164986
164987
164988
164994
164995
164999
165000
165004
165005
165009
165010
165014
165015
165019
165020
165024
165026
165468
165469
165470
165471
165476
165477
165478
165481
165482
165483
165486
165487
165489
165490
165491
165494
165495
165497
165498
165499
165502
165503
165505
165506
165507
165508
165509
165510
165513
165514
165515
165516
165518
165519
165520
165522
165523
165524
165526
165527
166092
166093
166094
166095
166103
166104
166105
166111
166112
166113
166118
166119
166124
166125
166126
166131
166132
166137
166138
166139
166144
166145
166149
166150
166152
166156
166157
166158
166164
166165
166166
166171
166172
166176
166177
166181
166182
166186
166187
166191
166192
166196
166197
166200
166202
166511
166512
166513
166519
166520
166521
166526
166527
166531
166532
166536
166537
166541
166542
166546
166547
166551
166552
166555
166557
166561
166562
166563
166569
166570
166571
166576
166577
166581
166582
166586
166587
166591
166592
166596
166597
166601
166602
166605
166607
167166
167167
167168
167173
167174
167179
167180
167181
167186
167187
167192
167193
167194
167199
167200
167205
167206
167207
167212
167213
167218
167219
167220
167225
167226
167230
167231
167235
167236
167240
167241
167245
167246
167250
167251
167255
167256
167260
167261
167265
167266
167270
167271
167275
167276
167526
167527
167528
167534
167535
167536
167541
167542
167546
167547
167551
167552
167556
167557
167561
167562
167566
167567
167570
167572
167576
167577
167578
167584
167585
167586
167591
167592
167596
167597
167601
167602
167606
167607
167611
167612
167616
167617
167620
167622
167958
167959
167960
167966
167967
167971
167972
167973
167979
167980
167984
167985
167986
167992
167993
167997
167998
167999
168005
168006
168010
168011
168012
168018
168019
168023
168024
168028
168029
168033
168034
168038
168039
168043
168044
168048
168049
168053
168054
168058
168059
168063
168064
168068
168069
168075
168076
168080
168081
168085
168086
168090
168091
168095
168096
168100
168101
168105
168106
168110
168111
168115
168116
168120
168121
168125
168126
168130
168131
168135
168136
168140
168141
168145
168146
168150
168151
168155
168156
168160
168161
168165
168166
168170
168171
168175
168176
168180
168181
168185
168186
168190
168191
168195
168196
168200
168201
168205
168206
168210
168211
168215
168216
168220
168221
168225
168226
168230
168231
168235
168236
168240
168241
168245
168246
168250
168251
168255
168256
168260
168261
168265
168266
168270
168271
168273
168274
168278
168279
168283
168284
168288
168289
168293
168294
168298
168299
168303
168304
168308
168309
168313
168314
168318
168319
168323
168324
168328
168329
168333
168334
168338
168339
168343
168344
168348
168349
168353
168354
168358
168359
168363
168364
168368
168369
170248
170249
170250
170256
170257
170258
170264
170265
170269
170270
170274
170275
170279
170280
170284
170285
170289
170290
170294
170296
170298
170299
170300
170306
170307
170310
170311
170315
170317
170318
170322
170324
170325
170329
170331
170733
170734
170735
170741
170742
170746
170747
170748
170754
170755
170759
170760
170761
170767
170768
170772
170773
170774
170780
170781
170785
170786
170787
170793
170794
170798
170799
170803
170805
170806
170810
170812
170813
170817
170819
170820
170824
170826
170827
170831
170975
170976
170980
170981
170985
170986
170990
170991
170995
170996
171000
171001
171005
171006
171010
171011
171015
171016
171020
171021
171025
171026
171029
171032
171033
171036
171039
171040
171043
171046
171047
171050
171053
171054
171057
171461
171462
171463
171469
171470
171471
171476
171477
171481
171482
171486
171487
171491
171492
171496
171497
171501
171502
171505
171507
171511
171512
171513
171518
171519
171522
171523
171526
171529
171530
171533
171536
171537
171540
171542
171926
171927
171928
171933
171934
171939
171940
171941
171946
171947
171952
171953
171954
171959
171960
171965
171966
171967
171972
171973
171978
171979
171980
171985
171986
171990
171991
171994
171997
171998
172001
172004
172005
172008
172011
172012
172015
172018
172019
172022
172023
172024
172025
172031
172032
172036
172037
172038
172044
172045
172049
172050
172051
172057
172058
172062
172063
172064
172070
172071
172075
172076
172077
172083
172084
172088
172089
172093
172095
172096
172100
172102
172103
172107
172109
172110
172114
172116
172117
172121
172123
172124
172125
172131
172132
172133
172139
172140
172144
172145
172149
172150
172154
172155
172159
172160
172164
172165
172169
172171
172173
172174
172175
172181
172182
172185
172186
172190
172192
172193
172197
172199
172200
172204
172206
172211
172212
172213
172219
172220
172221
172226
172227
172231
172232
172236
172237
172241
172242
172246
172247
172251
172252
172255
172257
172261
172262
172263
172268
172269
172272
172273
172276
172279
172280
172283
172286
172287
172290
172292
174013
174014
174015
174021
174022
174026
174027
174031
174032
174038
174039
174043
174044
174048
174049
174053
174054
174058
174059
174063
174064
174068
174069
174073
174074
174076
174077
174081
174082
174086
174087
174091
174092
174099
174100
174101
174106
174107
174111
174112
174116
174117
174119
174120
174121
174127
174128
174132
174133
174137
174138
174144
174145
174149
174150
174154
174155
174159
174160
174162
174163
174167
174168
174172
174173
174177
174178
174182
174183
174184
174190
174191
174195
174196
174200
174201
174208
174209
174210
174215
174216
174220
174221
174225
174226
174228
174229
174233
174234
174238
174239
174243
174244
174250
174251
174255
174256
174260
174261
174265
174266
175287
175288
175289
175295
175296
175300
175301
175305
175309
175310
175314
175315
175319
175320
175323
175327
175328
175329
175334
175335
175339
175340
175343
175344
175345
175346
175352
175353
175357
175358
175362
175364
175365
175369
175370
175374
175375
175379
175383
175384
175388
175389
175393
175394
175397
175400
175401
175405
175406
175410
175411
175414
175415
175416
175420
175421
175425
175426
175430
176093
176094
176095
176096
176105
176106
176107
176113
176114
176115
176121
176122
176126
176127
176128
176134
176135
176139
176140
176141
176147
176148
176152
176153
176154
176160
176161
176162
176168
176169
176173
176174
176178
176179
176183
176184
176188
176189
176193
176194
176201
176202
176203
176208
176209
176214
176215
176216
176221
176222
176227
176228
176229
176234
176235
176240
176241
176242
176247
176248
176252
176253
176257
176258
176262
176263
176267
176268
176272
176273
176277
176278
176282
176283
176287
176288
176290
176291
176292
176293
176302
176303
176304
176310
176311
176312
176318
176319
176323
176324
176325
176331
176332
176336
176337
176338
176344
176345
176349
176350
176351
176357
176358
176361
176362
176366
176368
176369
176373
176375
176376
176380
176385
176386
176387
176392
176393
176398
176399
176400
176405
176406
176411
176412
176413
176418
176419
176424
176425
176426
176431
176432
176436
176437
176440
176443
176444
176447
176450
176451
176454
176457
176458
176461
176462
176463
176464
176470
176471
176472
176478
176479
176483
176484
176488
176489
176493
176494
176498
176499
176503
176504
176508
176509
176510
176516
176517
176520
176521
176525
176527
176528
176532
176534
176535
176539
176543
176544
176548
176549
176553
176554
176558
176559
176563
176564
176568
176569
176573
176574
176578
176579
176583
176584
176587
176590
176591
176594
176597
176598
176601
176604
176605
176608
176609
176610
176611
176612
176621
176622
176623
176629
176630
176631
176637
176638
176642
176643
176644
176650
176651
176655
176656
176659
176661
176662
176663
176669
176670
176671
176677
176678
176682
176683
176687
176688
176692
176693
176697
176699
176705
176706
176707
176708
176716
176717
176718
176724
176725
176726
176731
176732
176737
176738
176739
176744
176745
176749
176750
176752
176756
176757
176758
176764
176765
176766
176771
176772
176776
176777
176781
176782
176786
176787
176790
176792
176793
176794
176795
176801
176802
176806
176807
176808
176814
176815
176819
176820
176821
176827
176828
176832
176833
176834
176840
176841
176848
176849
176850
176855
176856
176861
176862
176863
176868
176869
176874
176875
176876
176881
176882
176887
176888
176889
176894
176895
176897
176898
176902
176904
176905
176909
176911
176912
176916
176918
176919
176923
176927
176928
176931
176934
176935
176938
176941
176942
176945
176948
176949
176952
176953
176954
176955
176956
176964
176965
176966
176972
176973
176974
176980
176981
176985
176986
176987
176993
176994
176997
176998
177002
177004
177005
177006
177012
177013
177017
177018
177021
177023
177024
177028
177030
177036
177037
177038
177039
177046
177047
177048
177054
177055
177056
177061
177062
177067
177068
177069
177074
177075
177078
177079
177082
177086
177087
177088
177093
177094
177098
177099
177101
177104
177105
177108
177110
177111
177112
177113
177114
177123
177124
177125
177131
177132
177135
177137
177138
177139
177145
177146
177149
177155
177156
177157
177158
177166
177167
177168
177173
177174
177176
177180
177181
177182
177187
177188
177190
177191
177192
177193
177194
177203
177204
177205
177211
177212
177215
177217
177218
177219
177225
177226
177229
177235
177236
177237
177238
177246
177247
177248
177253
177254
177256
177260
177261
177262
177267
177268
177270
177273
177274
177278
177279
177283
177284
177288
177289
177293
177294
177298
177299
177303
177304
177308
177309
177311
177312
177316
177317
177321
177322
177326
177327
177331
177332
177336
177337
177341
177342
177346
177347
177353
177354
177358
177359
177363
177364
177368
177369
177373
177374
177378
177379
177383
177384
177388
177389
177390
177391
177395
177396
177400
177401
177405
177406
177410
177411
177415
177416
177420
177421
177425
177426
177432
177433
177434
177438
177442
177443
177444
177448
177452
177453
177454
177458
177461
177462
177463
177464
177465
177471
177473
177474
177475
177481
177483
177484
177485
177491
177493
177494
177500
177501
177502
177506
177510
177511
177512
177516
177520
177521
177522
177526
177529
177530
177531
177532
177533
177539
177541
177542
177543
177549
177551
177552
177553
177559
177561
177562
177568
177569
177570
177574
177578
177579
177580
177584
177588
177589
177590
177594
177597
177598
177599
177600
177601
177607
177609
177610
177611
177617
177619
177620
177621
177627
177629
177630
177636
177637
177638
177642
177646
177647
177648
177652
177656
177657
177658
177662
177665
177666
177667
177668
177672
177674
177675
177679
177681
177682
177686
177688
177690
177691
177695
177696
177700
177701
177705
177706
177710
177711
177715
177717
177718
177722
177726
177727
177731
177732
177736
177737
177741
177742
177746
177747
177750
177753
177754
177757
177758
177759
177760
177766
177767
177768
177774
177775
177779
177780
177784
177785
177786
177792
177793
177796
177797
177801
177805
177806
177810
177811
177815
177816
177820
177821
177825
177826
177829
177832
177833
177836
177839
177840
177844
177845
177849
177850
177854
177855
177859
177860
177863
177866
177867
177870
177871
177872
177876
177877
177881
177883
177885
177886
177890
177892
177894
177895
177899
177900
177904
177906
177908
177909
177913
177915
177919
177920
177924
177925
177928
177930
177933
177934
177937
177939
177943
177944
177945
177949
177953
177954
177955
177959
177963
177964
177965
177969
177972
177973
177974
177975
177976
177982
177984
177985
177986
177992
177994
177995
177996
178002
178004
178005
178010
178011
178014
178017
178018
178021
178024
178025
178028
178030
178031
178032
178036
178038
178039
178043
178045
178046
178050
178052
